 2224 1114 -9990 2212 5
 2112 2214 2112 2212 3
 2114 -213 2112 -211 81
 2214 2212 2212 2212 3
 2114 213 2112 211 81
 2214 213 2212 211 81
 2224 113 2212 211 81
 2114 213 2112 211 81
 2112 2112 1114 2212 2
 2214 2212 2212 2212 3
 2212 2114 2212 2112 3
 2112 2212 -9990 2212 2
 2214 113 2212 111 81
 1114 2212 2112 2112 3
 2212 2112 2214 2112 2
 2224 -213 2112 211 81
 2212 211 2214 211 77
 2214 213 2212 211 81
 2212 113 3122 321 7
 2114 2212 2112 2212 3
 2114 -213 2112 -211 81
 113 1114 -211 2112 81
 -213 2114 -211 2112 81
 2114 -211 2112 -211 80
 223 223 -2114 -9990 18111
 2214 113 2212 111 81
 2214 -211 2112 111 80
 -213 2224 111 2212 81
 2214 2112 2112 -9989 3
 2114 2212 2112 -9989 3
 211 2212 211 2214 77
 2114 111 2212 -211 80
 113 2224 211 2212 81
 -213 2212 321 3112 7
 2214 211 2212 211 80
 2224 113 2212 211 81
 2114 113 2212 -211 81
 2212 2214 2212 2212 3
 2214 213 2212 211 81
 -213 2224 211 2112 81
 2112 211 2214 111 77
 1114 213 2112 111 81
 1114 113 2112 -211 81
 1114 213 2112 111 81
 2112 2112 1114 2212 2
 2112 2112 1114 2212 2
 2214 213 2212 211 81
 2114 -2114 223 223 1906
 -1114 1114 111 223 1904
 2214 113 2212 111 81
 221 2112 321 3112 7
 -213 2114 -211 2112 81
 -213 2224 321 3122 7
 213 2114 211 2112 81
 1114 2212 2112 2112 3
 -211 2224 211 2112 80
 213 2214 211 2212 81
 2114 2212 2112 2212 3
 2214 -213 2212 -211 81
 213 2114 211 2112 81
 1114 113 2112 -211 81
 2114 213 2112 211 81
 2212 2212 2214 2212 2
 213 2214 211 2212 81
 2224 2112 2212 2212 3
 2114 -213 2112 -211 81
 2114 213 2112 211 81
 2214 113 2212 111 81
 113 1114 -211 2112 81
 -211 2114 -211 2112 80
 2114 2212 2112 2212 3
 2114 -213 2112 -211 81
 2114 -211 2112 -211 80
 213 2214 211 2212 81
 2224 2112 2212 2212 3
 2212 2112 2212 2114 2
 2112 211 2224 -211 77
 2224 1114 -9989 2112 5
 2112 2224 2212 2212 3
 1114 2212 2112 2112 3
 2112 2112 2114 -9990 43
 2112 113 3112 321 7
 2114 2212 2112 -9989 3
 2214 113 2112 211 81
 213 1114 -211 2212 81
 113 2214 111 2212 81
 -211 2212 211 1114 77
 2212 223 3212 321 7
 211 2212 211 2214 77
 2212 2114 2212 2112 3
 2212 2112 2114 2214 43
 2212 -211 1114 211 77
 2112 2224 2212 2212 3
 2224 2112 2212 2212 3
 2212 1114 2112 2112 3
 213 2112 321 3122 7
 -211 2224 111 2212 80
 113 2224 211 2212 81
 2112 2112 -211 42 501
 1114 211 2112 111 80
 1114 211 2112 111 80
 2212 2112 2214 -9990 43
 1114 2212 2112 -9988 3
 2214 113 2212 111 81
 -2214 -213 -2212 -211 81
 2112 213 3212 321 7
 -211 2212 211 1114 77
 2114 213 2112 211 81
 2112 -211 1114 111 77
 2214 2212 2212 2212 3
 223 113 -2212 2214 18041
 113 2114 111 2112 81
 -2212 1114 -213 -213 1904
 2214 2114 -9990 2212 5
 2214 2112 2212 2112 3
 1114 113 2112 -211 81
 213 2214 211 2212 81
 2112 111 1114 211 77
 2212 1114 2112 2112 3
 2224 2112 2212 -9989 3
 2214 2114 2112 -9989 5
 -213 2214 111 2112 81
 213 2212 321 3222 7
 2114 113 2112 111 81
 2112 2214 2112 2212 3
 1114 2212 2112 2112 3
 -211 2112 -211 2114 77
 -211 2112 -211 2114 77
 2112 2224 2212 2212 3
 211 2212 211 2214 77
 2112 211 3122 321 7
 2112 211 2224 -211 77
 2112 211 2224 -211 77
 1114 113 2112 -211 81
 -213 2114 -211 2112 81
 2224 -213 2212 111 81
 2214 -213 2112 111 81
 2214 213 2212 211 81
 -2112 2212 213 223 1905
 2114 213 2212 111 81
 2112 2212 2112 2214 2
 2214 113 2112 211 81
 211 2112 111 2214 77
 -2114 213 -2112 211 81
 213 1114 -211 2212 81
 -9989 2112 2212 2112 3
 2112 221 3112 321 7
 113 2114 -211 2212 81
 2214 2212 2212 2212 3
 213 1114 111 2112 81
 -213 2114 -211 2112 81
 2224 2112 2212 2212 3
 2112 2112 2114 -9990 43
 2214 113 2112 211 81
 2112 -211 2114 -213 78
 1114 2224 -9989 2112 5
 1114 111 2112 -211 80
 2224 2112 2212 2212 3
 2214 113 2212 111 81
 2114 -213 2112 -211 81
 213 2212 321 3222 7
 111 2214 111 2212 80
 2114 2212 2112 2212 3
 221 2214 321 2212 101
 2114 213 2112 211 81
 211 2112 211 2114 77
 2114 -213 2112 -211 81
 2112 2112 2114 2112 2
 2212 1114 -9988 2112 3
 213 2114 111 2212 81
 2112 2112 1114 2212 2
 2114 -213 2112 -211 81
 2212 1114 2112 2112 3
 2214 2112 2112 -9989 3
 2112 2214 2112 2212 3
 2212 2214 211 42 501
 2112 2212 2114 -9989 43
 2214 113 2112 211 81
 2212 111 2214 111 77
 1114 211 2212 -211 80
 213 1114 111 2112 81
 2112 111 1114 211 77
 2114 2212 2112 2212 3
 111 2224 211 2212 80
 2212 -211 2114 111 77
 2112 2212 111 42 501
 2112 2112 1114 2214 43
 213 1114 111 2112 81
 2112 2214 2112 2212 3
 2214 113 2112 211 81
 113 2224 211 2212 81
 213 1114 -211 2212 81
 2112 2212 2114 2212 2
 213 2214 211 2212 81
 2112 -211 1114 111 77
 2214 213 2212 211 81
 113 2214 211 2112 81
 2214 -211 2212 -211 80
 113 2214 111 2212 81
 113 2114 -211 2212 81
 2224 -211 2112 211 80
 2212 211 2214 211 77
 -2112 3112 -321 111 71
 1114 113 2112 -211 81
 113 2114 -211 2212 81
 -213 2114 -211 2112 81
 2212 111 2224 -211 77
 2112 111 2114 111 77
 2224 -213 2212 111 81
 2112 2112 2114 2112 2
 113 2114 111 2112 81
 -213 2224 211 2112 81
 2224 113 2212 211 81
 113 2114 111 2112 81
 2214 2112 2212 2112 3
 2214 2112 2212 2112 3
 -211 2212 -211 2214 77
 2214 2112 2212 2112 3
 -213 2214 -211 2212 81
 113 2214 111 2212 81
 2114 -2212 113 -213 1904
 213 1114 -211 2212 81
 2114 2212 2112 2212 3
 2212 1114 2112 2112 3
 2214 213 2212 211 81
 113 2224 211 2212 81
 2212 111 2224 -211 77
 111 2224 211 2212 80
 -211 2114 -211 2112 80
 2224 2112 2212 2212 3
 -213 2224 211 2112 81
 2112 111 1114 211 77
 113 2214 111 2212 81
 1114 113 2112 -211 81
 2212 2212 2224 2112 2
 2114 -213 2112 -211 81
 2212 211 2214 211 77
 2112 -313 3122 -211 12
 213 2114 211 2112 81
 2114 211 2212 111 80
 2224 113 2212 211 81
 2212 -2212 213 -213 1904
 2114 211 2212 111 80
 1114 213 2212 -211 81
 2214 -211 2212 -211 80
 2214 2212 2212 -9989 3
 -211 2112 111 1114 77
 2214 2112 2212 2112 3
 2214 -213 2212 -211 81
 2212 111 2224 -211 77
 2112 2112 2114 2112 2
 2112 2224 2212 2212 3
 -211 2214 111 2112 80
 211 2214 211 2212 80
 2112 2112 2114 2112 2
 2114 -213 2112 -211 81
 2112 111 2214 -211 77
 1114 111 2112 -211 80
 2114 213 2212 111 81
 2114 2214 -9990 2212 5
 2212 2212 2224 2112 2
 2214 2112 2112 -9989 3
 2212 2212 2224 2112 2
 2224 113 2212 211 81
 2114 111 2112 111 80
 2112 211 2114 211 77
 2214 113 3212 321 7
 2112 -211 2114 -211 77
 2224 111 2212 211 80
 113 1114 -211 2112 81
 2114 213 2212 111 81
 2212 211 2214 211 77
 2212 2214 2212 2212 3
 2214 -213 2112 111 81
 2112 2212 2114 2214 43
 2212 211 2224 111 77
 2224 2112 2212 2212 3
 2212 2212 2214 -9989 43
 2212 211 2214 211 77
 2114 2212 2112 2212 3
 2212 211 2224 111 77
 2114 -211 2112 -211 80
 211 2112 -211 2224 77
 2114 -211 2112 -211 80
 2212 2112 2214 2112 2
 2214 -211 2112 111 80
 2214 111 2112 211 80
 2114 113 2112 111 81
 2112 111 2214 -211 77
 2214 2112 2212 2112 3
 2212 2112 2114 2214 43
 2212 -211 2114 111 77
 2224 111 2212 211 80
 213 2214 211 2212 81
 2112 211 2114 213 78
 213 2114 211 2112 81
 2112 111 2214 -211 77
 -211 2212 211 1114 77
 2224 2112 2212 2212 3
 2114 -213 2112 -211 81
 2212 -211 1114 211 77
 1114 2212 2112 2112 3
 2112 2112 1114 2212 2
 2114 111 2112 111 80
 113 2114 -211 2212 81
 2112 111 2214 -211 77
 113 2214 111 2212 81
 113 2214 111 2212 81
 113 1114 -211 2112 81
 211 2212 113 2224 78
 2112 2112 2114 -9990 43
 2112 -9989 2112 2212 3
 2212 111 2224 -211 77
 211 42 2212 2212 502
 2224 2112 2212 2212 3
 2214 2212 2212 -9989 3
 2112 111 1114 211 77
 2224 111 2212 211 80
 2114 -213 2112 -211 81
 213 2114 211 2112 81
 2114 2212 2212 -9990 3
 2112 111 1114 211 77
 2112 2112 1114 2212 2
 2214 113 2212 111 81
 2114 113 2112 111 81
 113 1114 -211 2112 81
 2224 111 2212 211 80
 -211 2212 213 1114 78
 2214 213 2212 211 81
 2114 211 3122 321 7
 2112 211 2214 111 77
 211 2114 211 2112 80
 2214 -211 2212 -211 80
 113 1114 -211 2112 81
 2114 -211 2112 -211 80
 -213 2114 -211 2112 81
 2114 223 3112 321 7
 113 2214 211 2112 81
 211 1114 111 2112 80
 2112 2224 2212 2212 3
 -213 2114 -211 2112 81
 -213 2214 -211 2212 81
 2114 113 2112 111 81
 2112 2112 1114 2212 2
 213 2114 111 2212 81
 2214 113 2212 111 81
 2224 -213 2112 211 81
 2214 -213 2212 -211 81
 211 2214 211 2212 80
 -211 2112 -213 2114 78
 2224 111 2212 211 80
 2112 2224 2212 2212 3
 213 2114 111 2212 81
 2114 -213 2112 -211 81
 2214 2112 2112 -9989 3
 2112 111 2214 -211 77
 213 2114 211 2112 81
 111 2114 -211 2212 80
 113 1114 -211 2112 81
 1114 211 2212 -211 80
 113 2114 -211 2212 81
 1114 111 2112 -211 80
 2212 211 2214 211 77
 2114 2212 2212 -9990 3
 2112 213 3212 321 7
 213 1114 111 2112 81
 2214 -213 2112 111 81
 1114 113 2112 -211 81
 211 2212 111 2224 77
 111 2212 111 2214 77
 2112 2112 1114 2212 2
 2114 211 2212 111 80
 113 1114 -211 2112 81
 2114 111 2112 111 80
 -211 2112 -211 2114 77
 2114 213 2112 211 81
 -211 2114 -211 2112 80
 2214 2212 2212 -9989 3
 2112 211 2214 113 78
 2214 213 2212 211 81
 321 3122 111 2214 1908
 2214 2212 2212 -9989 3
 -213 2224 211 2112 81
 2112 111 2114 111 77
 2112 211 2114 211 77
 2212 2114 2212 2112 3
 1114 211 2112 111 80
 2114 -211 2112 -211 80
 1114 2212 2112 -9988 3
 321 3112 -211 2212 1908
 2112 2112 1114 2214 43
 111 2112 -211 2214 77
 2112 -211 1114 111 77
 2224 2112 2212 2212 3
 211 2114 111 2212 80
 2112 211 2224 -211 77
 2214 1114 2112 -9988 5
 113 1114 -211 2112 81
 2212 2112 2214 2112 2
 113 2214 211 2112 81
 -213 2114 -211 2112 81
 1114 2212 2112 -9988 3
 213 2214 211 2212 81
 113 1114 -211 2112 81
 211 2214 211 2212 80
 2224 -213 2212 111 81
 2212 2212 2224 2114 43
 2224 2112 2212 2212 3
 2112 2212 111 42 501
 2212 2212 2224 2112 2
 -213 2214 111 2112 81
 1114 2212 2112 2112 3
 2212 -213 3112 321 7
 2114 -213 2112 -211 81
 2214 113 2212 111 81
 113 2224 211 2212 81
 2114 -213 2112 -211 81
 2212 2212 2224 2112 2
 2212 -2212 113 223 1905
 2214 2112 2212 2112 3
 113 2214 111 2212 81
 2114 213 2212 111 81
 2212 2212 2224 2112 2
 113 2224 211 2212 81
 -211 2212 111 2114 77
 113 2114 -211 2212 81
 2214 2112 2212 2112 3
 2214 213 2212 211 81
 113 2214 211 2112 81
 2214 -211 2212 -211 80
 2112 -211 1114 111 77
 223 113 -2212 2214 18041
 2224 -211 2112 211 80
 213 2214 211 2212 81
 2212 -211 2214 -211 77
 2214 -213 2112 111 81
 111 1114 -211 2112 80
 1114 2212 2112 2112 3
 2212 2112 2114 -9989 43
 2112 2112 -211 42 501
 211 2114 111 2212 80
 2214 2112 2212 -9990 3
 -213 2114 -211 2112 81
 2114 113 2212 -211 81
 2214 -213 2212 -211 81
 2212 2212 2224 -9990 43
 111 2114 111 2112 80
 2112 111 2114 111 77
 2114 2212 2112 2212 3
 2114 2212 2112 2212 3
 2114 213 2112 211 81
 2114 -211 2112 -211 80
 2112 111 2114 113 78
 2214 -211 2212 -211 80
 2212 111 2114 211 77
 2224 111 2212 211 80
 2112 2214 2112 2212 3
 2112 211 2114 213 78
 2212 2212 2224 2112 2
 2114 111 2112 111 80
 213 2114 211 2112 81
 2114 111 2112 111 80
 2112 2112 1114 2212 2
 1114 113 2112 -211 81
 2212 2212 2224 2112 2
 1114 111 2112 -211 80
 2114 -213 2112 -211 81
 2112 2112 1114 2212 2
 2114 -211 2112 -211 80
 2114 -213 2112 -211 81
 211 2114 111 2212 80
 2214 2112 2112 -9989 3
 2214 2112 2212 2112 3
 2214 213 2212 211 81
 2212 2212 2224 2112 2
 213 2112 321 3122 7
 2214 213 2212 211 81
 211 2212 211 2214 77
 1114 211 2112 111 80
 2114 211 2112 211 80
 -211 2112 111 1114 77
 1114 211 2112 111 80
 2114 111 2112 111 80
 -213 2214 111 2112 81
 2224 -211 2212 111 80
 -213 213 -2212 2214 18041
 1114 2212 2112 2112 3
 2212 111 2214 111 77
 2112 -211 2114 -211 77
 223 223 -2212 2212 1801
 2214 -211 2212 -211 80
 1114 111 2112 -211 80
 111 2212 211 2114 77
 2224 -213 2212 111 81
 1114 113 2112 -211 81
 2212 2114 2212 2112 3
 2212 -211 1114 213 78
 2112 2224 2212 2212 3
 1114 2212 2112 2112 3
 2112 211 2214 113 78
 113 2114 -211 2212 81
 2224 -213 2112 211 81
 211 1114 -211 2212 80
 2212 2214 2212 2212 3
 2224 -211 2112 211 80
 2212 2214 2212 2212 3
 113 2112 321 3112 7
 -213 2114 -211 2112 81
 2214 2112 2212 2112 3
 2214 213 2212 211 81
 2212 -211 1114 211 77
 2212 211 2214 211 77
 -211 2214 111 2112 80
 113 2224 211 2212 81
 2112 -211 1114 111 77
 2212 111 2114 211 77
 1114 113 2112 -211 81
 2112 2212 2114 -9989 43
 2112 2212 2112 2214 2
 211 1114 111 2112 80
 2212 111 2114 211 77
 2214 -211 2112 111 80
 2112 2214 2112 2212 3
 113 2114 111 2112 81
 211 2212 111 2224 77
 2212 -211 1114 211 77
 2112 111 1114 211 77
 -211 2212 -211 2214 77
 2112 -211 2114 -211 77
 223 113 -2212 2212 1801
 2114 111 2212 -211 80
 2112 2212 2114 2212 2
 1114 111 2112 -211 80
 111 1114 -211 2112 80
 213 2214 211 2212 81
 2112 211 2224 -211 77
 2112 2212 2214 -9990 43
 1114 2212 2112 -9988 3
 2214 -211 2212 -211 80
 2224 113 2212 211 81
 2112 111 2114 111 77
 2114 2212 2212 -9990 3
 213 2214 211 2212 81
 2224 -211 2112 211 80
 113 2214 211 2112 81
 2212 2114 2212 2112 3
 2214 111 2112 211 80
 -211 2114 -211 2112 80
 113 1114 -211 2112 81
 2212 211 2224 111 77
 2112 111 2214 -211 77
 2114 111 2112 111 80
 2112 2214 2112 2212 3
 2224 113 2212 211 81
 2212 111 2224 -211 77
 1114 2212 2112 2112 3
 113 2114 111 2112 81
 2112 111 1114 211 77
 2212 111 2214 113 78
 2212 -211 2114 111 77
 213 2114 211 2112 81
 113 2214 211 2112 81
 2114 2214 2112 -9989 5
 2114 2212 2112 -9989 3
 2112 211 2214 111 77
 2224 111 2212 211 80
 2224 2112 2212 2212 3
 2212 2112 2212 2114 2
 2112 -211 1114 113 78
 2212 111 2224 -211 77
 -211 2212 -211 2214 77
 2224 2112 2212 2212 3
 2112 2112 1114 2212 2
 2112 -211 1114 111 77
 2112 2212 2112 -9989 2
 2224 2112 2212 -9989 3
 2214 -213 2212 -211 81
 2212 2114 2212 2112 3
 211 2212 111 2224 77
 211 2112 -211 2224 77
 2214 -211 2212 -211 80
 2212 111 2114 211 77
 221 2112 321 3112 7
 2114 -213 2112 -211 81
 113 223 2212 -2214 18042
 2212 111 2224 -211 77
 2212 211 2214 211 77
 3322 221 -321 3222 727
 2112 -9989 2112 2212 3
 213 1114 -211 2212 81
 2112 2112 1114 2212 2
 2214 2112 2212 2112 3
 2112 2224 2212 2212 3
 2224 111 2212 211 80
 2112 211 2214 111 77
 113 1114 -211 2112 81
 -211 2114 -211 2112 80
 2212 211 2214 213 78
 2212 2112 2114 2214 43
 2212 2112 2214 2112 2
 -211 2212 111 2114 77
 111 2212 111 2214 77
 2214 -211 2112 111 80
 2114 113 2112 111 81
 2214 2212 2212 2212 3
 2214 211 2212 211 80
 3112 321 111 2112 1908
 2112 111 2214 -211 77
 223 111 -2212 2212 1801
 2214 211 2212 211 80
 2114 111 2212 -211 80
 2212 -211 2214 -211 77
 2112 2112 2114 2112 2
 223 2212 321 3212 7
 2212 2114 -9989 2112 3
 2224 111 2212 211 80
 223 -9987 321 3212 7
 2212 2214 -9989 2212 3
 2214 2112 2112 -9989 3
 1114 111 2112 -211 80
 2212 2212 2224 2112 2
 2212 1114 2112 2112 3
 2112 211 2214 111 77
 2112 2212 2112 2214 2
 2114 213 2112 211 81
 113 2212 321 3122 7
 113 2114 111 2112 81
 2112 111 1114 211 77
 2224 111 2212 211 80
 -213 2224 211 2112 81
 2114 -211 2112 -211 80
 2212 211 2224 111 77
 113 2224 211 2212 81
 2214 213 2212 211 81
 213 2114 111 2212 81
 2214 2112 2212 -9990 3
 2112 111 1114 211 77
 2112 111 2214 -211 77
 223 2112 321 3112 7
 -1114 2112 213 223 1905
 2224 111 2212 211 80
 -211 2212 211 1114 77
 -211 2112 111 1114 77
 211 2212 213 2214 78
 1114 113 2112 -211 81
 113 2224 211 2212 81
 1114 213 2212 -211 81
 2114 2212 2112 2212 3
 -213 2214 111 2112 81
 2224 -211 2112 211 80
 2224 2112 2212 2212 3
 1114 113 2112 -211 81
 2114 2212 2112 -9989 3
 2214 -211 2212 -211 80
 2114 111 2212 -211 80
 2112 111 1114 211 77
 1114 2212 2112 -9988 3
 2112 -211 2114 -211 77
 2212 -211 2114 111 77
 2212 2114 2212 2112 3
 2112 -211 1114 111 77
 113 2114 -211 2212 81
 2212 -211 2114 111 77
 2112 2112 2114 2112 2
 2112 211 2114 211 77
 2114 2212 2112 2212 3
 1114 211 2212 -211 80
 113 1114 -211 2112 81
 2114 213 2212 111 81
 -211 2112 -211 2114 77
 2214 -213 2212 -211 81
 2114 2214 -9989 2112 5
 211 2112 -211 2224 77
 223 223 -2212 2212 1801
 2112 -9989 2112 2212 3
 211 2112 211 2114 77
 2214 -213 2212 -211 81
 2112 2212 2112 2214 2
 211 2214 211 2212 80
 -213 2114 -211 2112 81
 -211 2212 211 1114 77
 2112 213 3122 321 7
 2112 2214 2112 2212 3
 2224 -211 2112 211 80
 113 2224 211 2212 81
 111 2112 -211 2214 77
 2112 111 1114 211 77
 2112 2112 2114 2112 2
 2212 111 2214 111 77
 2212 -211 1114 211 77
 2212 211 2214 211 77
 2224 -321 3122 211 12
 2112 -211 2114 -211 77
 2114 2212 2112 2212 3
 2112 2112 -211 42 501
 2212 211 2214 211 77
 2224 -213 2212 111 81
 -2112 2212 211 223 1904
 1114 113 2112 -211 81
 2214 2212 2212 -9989 3
 2212 211 2224 111 77
 2114 2212 2112 2212 3
 321 3112 113 2112 1908
 2212 2112 2212 2114 2
 113 2114 -211 2212 81
 -213 2114 -211 2112 81
 -211 2212 -213 2214 78
 1114 2212 2112 2112 3
 -213 2224 111 2212 81
 -213 2114 -211 2112 81
 213 2214 211 2212 81
 2112 111 1114 213 78
 2212 211 2224 111 77
 -211 2112 111 1114 77
 -211 2212 -211 2214 77
 1114 211 2212 -211 80
 2112 2214 2112 2212 3
 2212 2212 2214 2214 43
 2114 113 2212 -211 81
 2112 2112 1114 2212 2
 1114 111 2112 -211 80
 2112 2112 1114 2212 2
 2112 -2212 -213 223 1905
 -211 2224 111 2212 80
 2224 -211 2112 211 80
 -211 2114 -211 2112 80
 1114 213 2112 321 101
 1114 211 2212 -211 80
 -213 2224 111 2212 81
 211 2112 -211 2224 77
 113 2224 211 2212 81
 2214 2212 2212 2212 3
 2112 211 2214 111 77
 2212 2212 2214 2212 2
 2114 2212 2112 2212 3
 2114 -213 2112 -211 81
 -211 2112 -213 2114 78
 2212 2214 2212 2212 3
 211 2212 211 2214 77
 2212 213 3222 321 7
 213 2114 111 2212 81
 2212 111 2224 -211 77
 2112 2112 2114 2112 2
 1114 2212 2112 2112 3
 -211 2224 111 2212 80
 2112 111 1114 211 77
 213 1114 111 2112 81
 2114 2212 2112 2212 3
 2212 111 2224 -211 77
 2114 2212 2112 2212 3
 2212 1114 2112 2112 3
 2224 2112 2212 2212 3
 211 2212 113 2224 78
 2112 2214 2112 2212 3
 2214 -213 2212 -211 81
 -213 2224 211 2112 81
 2214 2212 2212 2212 3
 -213 2224 211 2112 81
 2112 211 2214 111 77
 2212 211 2224 111 77
 2114 2212 2112 -9989 3
 2212 211 2214 211 77
 211 2114 111 2212 80
 2214 2112 2212 2112 3
 2112 2212 2112 2214 2
 113 1114 -211 2112 81
 2214 113 2112 211 81
 2214 2112 2212 2112 3
 223 2112 321 2112 101
 2214 111 2212 111 80
 211 2114 321 3212 7
 211 1114 -211 2212 80
 2114 2212 2112 2212 3
 2112 2212 2114 2212 2
 211 2112 111 2214 77
 211 2112 211 2114 77
 2212 211 2224 111 77
 -213 2114 -211 2112 81
 -213 2224 211 2112 81
 2112 2212 111 42 501
 2112 -211 2114 -211 77
 2112 111 2214 -211 77
 2224 2112 2212 2212 3
 2114 -213 2112 -211 81
 2114 213 2112 211 81
 1114 2224 2212 -9990 5
 1114 213 2112 111 81
 2212 -9990 2212 2112 3
 2214 2212 2212 2212 3
 2212 1114 2112 2112 3
 113 2214 111 2212 81
 -211 2112 111 1114 77
 -211 2114 -211 2112 80
 2212 -211 2214 -211 77
 2112 211 2114 211 77
 2214 2114 2212 -9990 5
 2214 2112 2212 -9990 3
 2224 113 2212 211 81
 2114 -213 2112 -211 81
 2212 2212 2214 -9989 43
 2212 -2212 223 223 1906
 2224 2112 2212 2212 3
 111 2112 -213 2214 78
 -211 2212 -211 2214 77
 211 1114 -211 2212 80
 2112 2214 2112 2212 3
 1114 2212 2112 2112 3
 2212 2112 2114 -9989 43
 2112 2112 2114 2114 43
 2214 2212 2212 2212 3
 2214 -211 2212 -211 80
 -211 2212 -211 2214 77
 -211 2112 -211 2114 77
 2114 2214 2212 -9988 5
 113 1114 -211 2112 81
 2112 111 1114 211 77
 2212 111 2114 211 77
 2212 -211 2214 -211 77
 2224 -211 2212 111 80
 1114 2212 2112 -9988 3
 1114 213 2212 -211 81
 2212 211 2214 211 77
 2214 -211 2112 111 80
 2112 211 2114 213 78
 -2212 2212 111 223 1904
 113 2224 211 2212 81
 2224 113 2212 211 81
 2112 -211 2114 -211 77
 2212 211 2214 211 77
 2224 2112 2212 2212 3
 2112 111 1114 211 77
 113 2114 -211 2212 81
 1114 213 2212 -211 81
 113 2224 211 2212 81
 2224 111 2212 211 80
 2212 211 2214 211 77
 2112 211 2114 211 77
 2214 2112 2212 2112 3
 2212 2114 2212 2112 3
 2212 -211 2114 111 77
 2114 2212 2212 -9990 3
 2224 1114 2112 -9989 5
 2112 111 1114 211 77
 2112 2212 2114 2214 43
 1114 111 2112 -211 80
 111 2112 211 1114 77
 2224 -211 2112 211 80
 2212 111 2114 211 77
 2112 -211 1114 111 77
 2214 2212 2212 2212 3
 2214 213 2212 211 81
 -211 2212 213 1114 78
 2112 2224 2212 2212 3
 1114 2224 -9987 2112 5
 -211 2112 113 1114 78
 2224 2112 2212 2212 3
 2214 2112 2212 2112 3
 213 1114 -211 2212 81
 113 223 2112 -2114 18052
 213 2114 211 2112 81
 -213 2214 111 2112 81
 1114 111 2112 -211 80
 2212 211 2214 211 77
 113 2224 211 2212 81
 113 2214 211 2112 81
 2112 2112 2114 2112 2
 113 1114 -211 2112 81
 1114 111 2112 -211 80
 2112 2112 1114 2212 2
 2114 -211 2112 -211 80
 211 2112 -211 2224 77
 2212 1114 2112 2112 3
 2212 2212 2214 2212 2
 211 1114 111 2112 80
 1114 111 2112 -211 80
 2212 2114 2212 2112 3
 2112 -9989 2112 2212 3
 -211 2212 -211 2214 77
 211 2212 111 2224 77
 2212 2112 2212 2114 2
 2212 1114 2112 2112 3
 2212 -211 2214 -211 77
 211 2112 111 2214 77
 111 2212 -211 2224 77
 -211 2224 211 2112 80
 1114 2212 2112 -9988 3
 2224 2112 2212 2212 3
 2212 -2214 223 223 1906
 -213 2214 -211 2212 81
 2112 2112 -211 42 501
 2212 -211 2214 -211 77
 2224 2112 2212 2212 3
 2212 1114 2112 2112 3
 -211 2112 -211 2114 77
 2214 2212 2212 2212 3
 2212 2212 2214 2214 43
 211 2212 211 2214 77
 2114 2212 2112 2212 3
 2214 -211 2112 111 80
 -2212 2212 223 223 1906
 2112 211 2114 211 77
 211 1114 111 2112 80
 2114 111 2112 111 80
 2212 2214 2212 2212 3
 211 2112 223 2214 79
 1114 211 2112 111 80
 2112 2112 1114 2212 2
 221 3312 -321 3122 727
 2224 2112 2212 2212 3
 -211 2112 111 1114 77
 2112 111 1114 211 77
 2112 111 1114 211 77
 2112 211 2214 111 77
 2114 2212 2112 2212 3
 211 2112 213 2114 78
 211 2112 -211 2224 77
 2224 1114 -9990 2212 5
 -211 2214 111 2112 80
 2214 2112 2212 2112 3
 -211 2212 211 1114 77
 2112 2112 2114 2114 43
 2212 2212 2214 2212 2
 2212 211 2224 111 77
 1114 2224 2112 -9987 5
 2112 -211 2114 -213 78
 2212 2212 2214 2212 2
 2214 -213 2212 -211 81
 2112 2212 2224 1114 43
 2212 111 2114 211 77
 2212 2212 2224 2114 43
 211 2114 111 2212 80
 2212 111 2214 111 77
 2214 -211 2112 111 80
 1114 2212 2112 2112 3
 1114 111 2112 -211 80
 2214 -211 2112 111 80
 1114 213 2112 111 81
 2212 -213 3112 321 7
 2224 -211 2212 111 80
 2112 -211 1114 113 78
 -211 2224 211 2112 80
 2224 113 2212 211 81
 2212 -211 2114 111 77
 2214 211 2212 211 80
 -211 2214 -211 2212 80
 2212 111 2214 111 77
 2212 211 2224 111 77
 2224 111 2212 211 80
 -2224 3222 -321 111 71
 1114 2212 2112 2112 3
 2114 -213 2112 -211 81
 2214 2112 2212 2112 3
 113 2224 211 2212 81
 -211 2212 111 2114 77
 2112 111 1114 211 77
 2214 -211 2112 111 80
 2114 111 2112 111 80
 2214 -211 2212 -211 80
 2114 211 2212 111 80
 2224 -321 3122 211 12
 2214 -211 2112 111 80
 2212 2114 -9990 2212 3
 2212 2214 2212 2212 3
 2112 2212 2112 2214 2
 -213 2224 111 2212 81
 1114 111 2112 -211 80
 111 2224 211 2212 80
 2112 2112 2114 2112 2
 113 2114 111 2112 81
 111 2214 111 2212 80
 1114 213 2212 -211 81
 2212 1114 2112 2112 3
 2212 -211 1114 211 77
 -211 2224 111 2212 80
 1114 111 2112 -211 80
 2212 223 3212 321 7
 2214 211 2212 211 80
 2212 111 2214 111 77
 2214 111 2112 211 80
 2114 -211 2112 -211 80
 2112 111 1114 211 77
 2114 2212 2112 2212 3
 2212 111 2214 111 77
 2212 2212 211 42 501
 2112 -1114 213 113 1904
 111 2112 -211 2214 77
 211 2114 111 2212 80
 113 2114 -211 2212 81
 2212 1114 2112 2112 3
 211 2114 211 2112 80
 2212 -211 1114 211 77
 2212 221 3212 321 7
 1114 2212 2112 -9988 3
 1114 2212 2112 2112 3
 113 2214 111 2212 81
 1114 2212 2112 -9988 3
 2114 2212 2112 2212 3
 1114 2212 2112 2112 3
 1114 111 2112 -211 80
 2224 113 2212 211 81
 2112 211 2114 211 77
 2212 2214 2212 2212 3
 -211 2224 211 2112 80
 2114 213 2212 111 81
 2112 -2114 211 -213 1903
 2214 2112 2212 2112 3
 2212 2212 2224 2112 2
 2214 2212 2212 2212 3
 -213 2114 -211 2112 81
 113 2224 211 2212 81
 2112 2212 2214 -9990 43
 211 2114 211 2112 80
 2212 2114 2212 2112 3
 2112 2212 2114 2212 2
 2212 2212 2214 2212 2
 2212 2112 2212 2114 2
 2112 2224 2212 2212 3
 2112 111 2214 -211 77
 2112 2212 -9990 2212 2
 213 1114 -211 2212 81
 111 2224 321 3222 7
 2112 2214 2112 2212 3
 2214 2212 211 42 501
 213 2112 321 3122 7
 -211 2114 -211 2112 80
 2112 2112 1114 2212 2
 2114 111 2112 111 80
 -211 2212 111 2114 77
 211 2212 111 2224 77
 111 2112 211 1114 77
 -211 2212 -211 2214 77
 2112 2112 2114 2112 2
 -213 2214 111 2112 81
 2114 223 3112 321 7
 2212 2112 2214 2112 2
 2112 -211 2114 -211 77
 223 2112 321 3112 7
 2212 1114 2112 2112 3
 2112 111 2114 113 78
 2112 111 2114 111 77
 2212 2212 2224 2112 2
 -213 2224 111 2212 81
 2212 2114 2212 2112 3
 2112 111 2114 111 77
 2214 211 2212 211 80
 2214 2112 2212 2112 3
 2112 2224 2212 2212 3
 2114 211 2112 211 80
 111 2112 111 2114 77
 -211 2224 321 2212 101
 2114 -213 2112 -211 81
 1114 2212 2112 2112 3
 2212 2112 2114 2214 43
 221 2212 321 3212 7
 1114 2212 2112 2112 3
 2212 111 2214 111 77
 2214 213 2212 211 81
 2224 111 2212 211 80
 2112 2212 2114 2212 2
 2212 213 3222 321 7
 113 2114 -211 2212 81
 1114 111 2112 -211 80
 2112 111 2214 -211 77
 2212 2212 2224 2112 2
 2224 2112 2212 2212 3
 2112 2112 2114 2112 2
 2112 2212 2114 2214 43
 113 2214 211 2112 81
 113 1114 -211 2112 81
 2212 211 2224 111 77
 2214 211 2212 211 80
 211 2212 211 2214 77
 -211 2212 111 2114 77
 2112 111 1114 211 77
 2112 2214 2112 2212 3
 -211 2112 111 1114 77
 2112 -211 1114 111 77
 211 1114 111 2112 80
 2212 2114 2212 2112 3
 2212 2114 2212 2112 3
 2212 2112 2212 2114 2
 2112 111 2214 -211 77
 -211 2112 111 1114 77
 113 2224 211 2212 81
 2114 2212 2112 2212 3
 1114 2212 2112 2112 3
 2214 -213 2212 -211 81
 2212 111 2224 -211 77
 2212 -211 1114 211 77
 -211 2112 111 1114 77
 2224 111 2212 211 80
 2212 2212 211 42 501
 2224 1114 2112 -9989 5
 2112 -9989 2112 2212 3
 -211 2212 111 2114 77
 2114 211 2112 211 80
 -211 2112 -211 2114 77
 2114 211 2112 211 80
 1114 2212 2112 2112 3
 2112 2212 2114 2212 2
 1114 213 2212 -211 81
 111 2212 211 2114 77
 1114 2224 2112 -9987 5
 213 2114 211 2112 81
 2114 111 2112 111 80
 211 2114 211 2112 80
 211 2112 -211 2224 77
 213 2114 111 2212 81
 2112 2214 2112 2212 3
 2114 -211 2112 -211 80
 -211 2214 -211 2212 80
 2214 111 2212 111 80
 -2212 2212 111 223 1904
 2212 2112 2212 -9990 2
 2114 2212 2112 2212 3
 1114 211 2212 -211 80
 1114 2212 2112 2112 3
 -211 2114 -211 2112 80
 2214 2212 2212 2212 3
 2114 2212 2112 2212 3
 -211 2112 -211 2114 77
 211 2112 111 2214 77
 211 1114 111 2112 80
 2212 -211 2114 111 77
 2224 111 2212 211 80
 111 2212 -211 2224 77
 2212 1114 2112 2112 3
 2112 2112 1114 2212 2
 2212 211 2214 211 77
 2224 111 2212 211 80
 2212 2114 2212 2112 3
 113 1114 -211 2112 81
 2112 2224 2212 2212 3
 2212 111 2224 -213 78
 2214 2112 2212 2112 3
 213 2214 211 2212 81
 111 -321 3122 -2212 71
 1114 211 2212 -211 80
 211 2212 211 2214 77
 111 2112 111 2114 77
 2224 113 2212 211 81
 213 2114 111 2212 81
 -213 2224 111 2212 81
 1114 111 2112 -211 80
 113 1114 -211 2112 81
 2112 -211 2114 -211 77
 -211 2224 111 2212 80
 2112 2112 2114 2114 43
 211 2114 111 2212 80
 111 2224 211 2212 80
 2212 1114 2112 2112 3
 -211 2112 -211 2114 77
 -211 2224 211 2112 80
 2112 2224 2212 2212 3
 2112 2224 2212 2212 3
 111 2212 211 2114 77
 111 2114 -211 2212 80
 2114 211 2112 211 80
 2212 2114 -9989 2112 3
 211 2214 211 2212 80
 223 2212 321 3122 7
 2212 2112 2114 2214 43
 321 3122 -211 2224 1908
 2112 111 1114 211 77
 2112 2112 1114 2212 2
 2114 -211 2112 -211 80
 2112 2112 1114 2212 2
 1114 2224 -9989 2112 5
 2214 2112 2212 2112 3
 2112 2112 1114 2212 2
 1114 113 2112 -211 81
 2112 2212 2112 2214 2
 2212 111 2214 111 77
 2212 111 2224 -211 77
 211 2212 213 2214 78
 2212 2112 2114 2214 43
 -9988 111 3112 321 7
 -211 2114 -211 2112 80
 2214 -211 2112 111 80
 211 2112 -211 2224 77
 2214 2112 2212 2112 3
 2212 2112 2114 2214 43
 2112 2214 2112 2212 3
 211 2112 -211 2224 77
 2112 2224 2212 2212 3
 2212 2114 2212 2112 3
 2212 2112 2214 2112 2
 2214 213 2212 211 81
 2114 -211 2112 -211 80
 321 3112 -211 -9989 1908
 -211 2112 111 1114 77
 2212 2112 2214 2112 2
 213 2214 211 2212 81
 2214 -213 2212 -211 81
 2214 2212 2212 2212 3
 -213 2114 -211 2112 81
 2212 -2212 113 113 1904
 2112 111 2114 111 77
 2112 2112 1114 2212 2
 1114 111 2112 -211 80
 1114 211 2112 111 80
 2114 -211 2112 -211 80
 -321 2112 111 3112 12
 2212 2114 -9988 2212 3
 2114 -211 2112 -211 80
 2212 -211 1114 211 77
 2224 111 2212 211 80
 -211 2212 113 2114 78
 1114 211 2212 -211 80
 213 1114 -211 2212 81
 2112 -211 1114 111 77
 1114 211 2212 -211 80
 2212 2212 2224 2112 2
 2112 111 2214 -211 77
 113 2214 111 2212 81
 213 2114 211 2112 81
 2212 2212 2214 2212 2
 2214 211 2212 211 80
 2212 2114 2212 2112 3
 2112 211 2214 113 78
 2112 2112 2114 2112 2
 211 2212 211 2214 77
 2112 2112 2114 2112 2
 1114 2224 -9989 2112 5
 2214 111 2212 111 80
 2212 2212 2224 2112 2
 1114 2212 2112 2112 3
 2212 -211 2114 111 77
 1114 211 2112 111 80
 2112 2112 1114 2212 2
 1114 2212 2112 2112 3
 2114 -213 2112 -211 81
 2212 -211 2114 111 77
 2224 2112 2212 2212 3
 2224 -211 2112 211 80
 2114 -211 2112 -211 80
 1114 2212 2112 -9988 3
 -211 2114 -211 2112 80
 2112 2112 1114 2214 43
 1114 2212 2112 2112 3
 2114 2212 111 42 501
 2224 -213 2112 211 81
 2212 111 2114 211 77
 113 1114 -211 2112 81
 3212 -211 2112 -321 12
 2224 111 2212 211 80
 2212 2214 211 42 501
 2114 111 2212 -211 80
 -9987 111 3212 321 7
 2212 1114 2112 2112 3
 2112 2214 2112 2212 3
 -213 2214 -211 2212 81
 2212 111 2214 111 77
 -211 2114 -211 2112 80
 113 2114 -211 2212 81
 2112 2112 1114 2212 2
 -211 2112 111 1114 77
 2224 111 2212 211 80
 2112 2224 2212 2212 3
 2212 111 2224 -211 77
 2212 2212 2224 2112 2
 2212 -2112 111 213 1903
 223 2212 321 3212 7
 2212 111 2214 111 77
 2112 2112 1114 2212 2
 2212 211 2214 211 77
 2214 2212 211 42 501
 2212 2212 2224 2112 2
 113 2224 211 2212 81
 2112 2214 2112 2212 3
 111 2112 -211 2214 77
 2214 2212 2212 2212 3
 -213 2114 -211 2112 81
 2224 2112 2212 2212 3
 2112 2112 1114 2212 2
 2114 -211 2112 -211 80
 2212 111 2224 -211 77
 211 2212 111 2224 77
 -211 2224 211 2112 80
 2112 211 2224 -211 77
 2214 -211 2112 111 80
 2212 211 2224 113 78
 2114 -213 2112 -211 81
 2112 111 2114 111 77
 211 2112 -211 2224 77
 -211 2112 -211 2114 77
 2112 2212 2112 2214 2
 2112 111 2114 111 77
 2114 2212 2112 2212 3
 2112 211 2214 111 77
 2112 2224 2212 2212 3
 2214 211 2212 211 80
 211 2212 111 2224 77
 211 2212 111 2224 77
 2212 111 2224 -213 78
 2214 111 2212 111 80
 2214 2212 2212 2212 3
 2224 2112 2212 2212 3
 2112 2112 1114 2214 43
 2114 111 2112 111 80
 2212 2214 2212 2212 3
 2112 2112 2114 2112 2
 -211 2112 -211 2114 77
 321 3212 111 2214 1908
 2114 211 2212 111 80
 1114 2212 2112 2112 3
 2212 -9990 2212 2112 3
 2112 -211 1114 111 77
 2112 2214 -9990 2212 3
 2212 1114 -211 42 501
 2214 211 2212 211 80
 -211 2212 211 1114 77
 1114 211 2112 111 80
 2212 111 2214 111 77
 2114 211 2112 211 80
 2112 111 2214 -211 77
 2224 2112 2212 2212 3
 2214 2112 2212 2112 3
 2114 2212 2112 2212 3
 2114 223 3112 321 7
 2112 2112 2114 2112 2
 2212 2212 2214 2212 2
 211 1114 -211 2212 80
 2214 211 2212 211 80
 2212 111 2114 211 77
 111 2214 211 2112 80
 1114 2212 2112 2112 3
 111 1114 -211 2112 80
 2212 2112 111 42 501
 2224 111 2212 211 80
 2212 111 2114 211 77
 2212 2114 2212 2112 3
 -211 2212 111 2114 77
 2112 2212 2112 2214 2
 -213 2114 -211 2112 81
 2112 211 2214 111 77
 2114 2112 -211 42 501
 2114 213 2212 111 81
 -213 2114 -211 2112 81
 2112 111 2214 -211 77
 -211 2112 -211 2114 77
 2212 -211 2214 -211 77
 2214 211 2212 211 80
 -211 2212 213 1114 78
 2214 2112 2112 -9989 3
 2114 211 2212 111 80
 211 2112 -213 2224 78
 2112 2112 2114 -9990 43
 2212 1114 2112 2112 3
 113 -9990 321 2112 101
 2114 111 2112 111 80
 2214 111 2112 211 80
 1114 111 2112 -211 80
 2212 2112 111 42 501
 213 2112 321 3212 7
 211 2212 111 2224 77
 2212 -211 1114 211 77
 2212 111 2114 211 77
 2112 2214 2112 2212 3
 2214 -211 2212 -211 80
 111 2212 211 2114 77
 2112 111 2214 -213 78
 2212 111 2114 211 77
 -211 2114 -211 2112 80
 2112 2212 2114 -9989 43
 -211 2112 -211 2114 77
 -213 2212 3112 321 7
 2212 211 2224 111 77
 2214 2212 2212 2212 3
 2214 -211 2212 -211 80
 2114 -213 2112 -211 81
 2212 1114 2112 2112 3
 2114 2212 2112 2212 3
 2214 2212 2212 2212 3
 2224 2112 2212 2212 3
 2212 1114 2112 2112 3
 2112 211 2214 113 78
 2114 211 2212 111 80
 2114 2212 2112 2212 3
 2112 211 2214 111 77
 2212 2212 2224 2112 2
 113 1114 -211 2112 81
 2212 1114 2112 2112 3
 213 2212 321 3222 7
 -211 2112 113 1114 78
 2212 2112 2212 2114 2
 2212 2112 2212 2114 2
 1114 2212 2112 2112 3
 2212 2112 2224 1114 43
 2212 211 2224 111 77
 2212 1114 2112 2112 3
 2214 111 2212 111 80
 -211 2224 211 2112 80
 1114 211 2112 111 80
 2114 113 2112 111 81
 2112 2112 2114 2112 2
 2114 2212 2112 2212 3
 211 1114 111 2112 80
 2114 111 2112 111 80
 211 2212 111 2224 77
 -211 2212 -211 2214 77
 113 2114 111 2112 81
 2214 -211 2112 111 80
 2214 211 2212 211 80
 2212 2212 2224 2112 2
 2212 2114 2212 2112 3
 2114 2212 2112 -9989 3
 2214 111 2112 211 80
 2112 211 2114 211 77
 2212 2214 2212 2212 3
 -213 2214 -211 2212 81
 2112 2212 2114 2212 2
 -213 2224 111 2212 81
 223 2112 321 3112 7
 2214 213 2212 211 81
 2112 2224 2212 2212 3
 211 2212 213 2214 78
 2212 211 2214 211 77
 2112 2112 2114 2112 2
 111 2112 211 1114 77
 211 2114 211 2112 80
 2212 2212 2224 2112 2
 2114 -211 2112 -211 80
 2212 2212 2224 2112 2
 2212 2212 2224 2112 2
 211 2212 111 2224 77
 111 2114 111 2112 80
 2212 111 2224 -213 78
 2214 2114 -9988 2212 5
 2112 213 3212 321 7
 2212 2214 2212 2212 3
 -211 2114 -211 2112 80
 2112 2214 2112 2212 3
 2212 1114 2112 2112 3
 1114 2212 2112 2112 3
 211 2112 211 2114 77
 2224 2112 2212 2212 3
 -211 2212 211 1114 77
 2114 -213 2112 -211 81
 2212 2112 2212 2114 2
 2212 2212 2214 2212 2
 1114 2212 2112 2112 3
 2114 2212 2112 2212 3
 2112 111 2114 111 77
 2224 111 2212 211 80
 1114 111 2112 -211 80
 2214 2212 2212 2212 3
 -211 2112 111 1114 77
 211 2212 211 2214 77
 2212 2112 2114 2214 4
 2224 2112 2212 2212 3
 2214 211 2212 211 80
 2214 111 2212 111 80
 2212 2114 2212 2112 3
 2112 -211 1114 111 77
 2112 211 2214 111 77
 1114 113 2112 -211 81
 2212 -211 1114 211 77
 2212 -211 2114 111 77
 2214 111 2212 111 80
 2112 211 2214 111 77
 211 2112 211 2114 77
 2114 211 2112 211 80
 2112 211 2224 -211 77
 2114 211 2212 111 80
 1114 111 2112 -211 80
 2112 2224 2212 2212 3
 2112 2224 2212 2212 3
 2112 -211 1114 111 77
 2224 2112 2212 -9989 3
 2214 2112 2112 -9989 3
 211 2212 111 2224 77
 1114 211 2112 111 80
 -211 2212 211 1114 77
 2214 111 2112 211 80
 2112 2112 1114 2212 2
 2224 -213 2112 211 81
 2224 -211 2112 211 80
 2212 221 3122 321 7
 213 1114 111 2112 81
 2212 -211 1114 211 77
 2114 213 2212 111 81
 2114 -211 2112 -211 80
 2224 111 2212 211 80
 2214 113 2212 111 81
 2114 111 2212 -211 80
 321 3212 111 -9989 1908
 111 2114 111 2112 80
 1114 2212 2112 2112 3
 2114 2212 2212 -9990 3
 2112 2224 2212 2212 3
 2214 2212 2212 2212 3
 2214 111 2212 111 80
 2212 2212 2214 2212 2
 2114 111 2112 111 80
 2112 211 2114 211 77
 2112 -211 2114 -211 77
 2114 -213 2112 -211 81
 1114 113 2112 -211 81
 -213 2214 111 2112 81
 2112 -211 1114 111 77
 2212 111 2114 211 77
 211 2114 111 2212 80
 2112 -211 1114 111 77
 211 1114 -211 2212 80
 2112 2112 1114 2212 2
 2224 113 2212 211 81
 -211 2112 -211 2114 77
 2112 111 2114 111 77
 2114 211 2112 211 80
 2212 2112 2212 2114 2
 -211 2212 111 2114 77
 -211 2112 111 1114 77
 111 223 2212 -2214 18042
 2114 2212 2212 -9990 3
 213 1114 -211 2212 81
 -211 2212 111 2114 77
 2212 2112 2214 2112 2
 2224 -211 2212 111 80
 2214 -211 2112 111 80
 2224 2112 2212 2212 3
 113 2114 111 2112 81
 2212 2112 2212 2114 2
 -213 2214 111 2112 81
 211 2112 -211 2224 77
 2214 2112 2212 2112 3
 1114 211 2212 -211 80
 2212 1114 2112 2112 3
 2214 111 2212 111 80
 2212 2212 2224 2112 2
 2212 211 2214 211 77
 1114 111 2112 -211 80
 2114 2212 111 42 501
 113 2224 211 2212 81
 2112 2212 111 42 501
 -211 2112 -211 2114 77
 2212 2114 2212 2112 3
 2212 -211 2214 -211 77
 213 2114 111 2212 81
 2114 111 2112 111 80
 2112 111 1114 211 77
 3112 -1114 -321 211 71
 2212 111 2224 -211 77
 2112 2214 2112 2212 3
 111 2224 211 2212 80
 2212 -211 2214 -213 78
 2212 2112 2214 2112 2
 -211 2212 111 2114 77
 2112 2212 2114 2212 2
 2212 211 2214 211 77
 1114 2212 2112 2112 3
 2114 111 2212 -211 80
 1114 111 2112 -211 80
 2114 2224 2212 -9987 5
 2112 2214 2112 2212 3
 1114 211 2212 -211 80
 2114 -211 2112 -211 80
 2112 2214 2112 2212 3
 2112 2224 2212 2212 3
 2112 -211 1114 113 78
 2214 113 2112 211 81
 -2214 213 -2212 211 81
 2112 -9989 2112 2212 3
 2212 211 2214 213 78
 2224 1114 -9989 2112 5
 2212 2112 2214 2112 2
 2214 111 2112 211 80
 2112 2224 2212 2212 3
 111 2214 111 2212 80
 2214 -213 2112 111 81
 2114 2212 2112 2212 3
 1114 111 2112 -211 80
 2212 111 2214 111 77
 2214 -211 2212 -211 80
 2112 -211 1114 111 77
 2112 2112 1114 2212 2
 2224 111 2212 211 80
 2212 1114 2112 2112 3
 2112 2214 2112 2212 3
 2214 211 2212 211 80
 1114 111 2112 -211 80
 -9989 2112 2212 2112 3
 2212 2112 2214 2112 2
 2212 2212 2224 2112 2
 213 2214 211 2212 81
 2212 211 2224 111 77
 2114 2212 2112 2212 3
 211 2112 -211 2224 77
 -211 2212 111 2114 77
 1114 2212 2112 2112 3
 -211 2214 111 2112 80
 2114 -213 2112 -211 81
 113 2114 -211 2212 81
 213 1114 -211 2212 81
 2114 111 2212 -211 80
 -213 2214 -211 2212 81
 2214 111 2212 111 80
 -2212 2212 211 -213 1903
 2212 211 2214 211 77
 2212 2112 -9989 2112 2
 2114 111 2212 -211 80
 2114 2212 2212 -9990 3
 1114 211 2212 -211 80
 1114 113 2112 -211 81
 2212 2212 2214 2212 2
 2112 -211 1114 111 77
 2112 111 1114 211 77
 2112 2212 2112 2214 2
 2112 2224 2212 2212 3
 2224 -211 2112 211 80
 2214 213 2212 211 81
 2112 2224 2212 2212 3
 2212 2212 2224 2112 2
 2114 111 2112 111 80
 2212 2112 2214 2112 2
 2212 211 2214 211 77
 -211 2112 111 1114 77
 2212 -211 1114 211 77
 113 1114 -211 2112 81
 2112 2112 1114 2212 2
 2114 213 2212 111 81
 2214 2112 2212 2112 3
 1114 211 2112 111 80
 1114 2224 -9989 2112 5
 213 2214 211 2212 81
 113 2112 321 3112 7
 2114 2212 2112 -9989 3
 2224 2112 211 42 501
 2112 2214 2112 2212 3
 1114 213 2112 111 81
 111 2212 111 2214 77
 2212 -9990 111 42 501
 2212 2212 2224 2112 2
 2112 2112 2114 2112 2
 2224 111 2212 211 80
 2112 111 2114 111 77
 2212 2214 2212 2212 3
 2114 2214 -9987 2112 5
 2212 2212 2224 2112 2
 111 2212 111 2214 77
 1114 213 2212 -211 81
 2212 -211 1114 211 77
 2212 1114 2112 2112 3
 111 2112 211 1114 77
 -211 2224 111 2212 80
 2212 2112 2212 2114 2
 2224 111 2212 211 80
 2214 111 2212 111 80
 2114 111 2212 -211 80
 211 2212 211 2214 77
 2112 2212 2112 2214 2
 -211 2212 111 2114 77
 -211 2114 -211 2112 80
 111 2212 213 2114 78
 2114 2212 2212 -9988 3
 -211 2224 211 2112 80
 -213 2214 -211 2212 81
 211 2112 -211 2224 77
 2212 111 2114 211 77
 2212 2212 2214 2212 2
 -9989 2112 2212 2112 3
 2112 2212 -9990 2212 2
 2112 111 2214 -211 77
 2112 -211 2114 -211 77
 2114 2214 -9990 2212 5
 2224 111 2212 211 80
 1114 211 2212 -211 80
 2112 2212 111 42 501
 2114 2212 2112 2212 3
 2214 2112 2212 2112 3
 2114 111 2112 111 80
 2112 2224 2212 2212 3
 111 2112 211 1114 77
 2212 2214 2212 2212 3
 1114 113 2112 -211 81
 2212 2212 211 42 501
 -211 2112 113 1114 78
 2214 2112 2212 2112 3
 2214 111 2212 111 80
 2212 -213 3112 321 7
 2224 1114 -9987 2112 5
 2212 2212 2224 2112 2
 111 2224 211 2212 80
 2212 -211 2214 -213 78
 -2112 2112 -211 213 1903
 1114 2212 2112 -9988 3
 2112 211 2114 211 77
 -9989 2112 2212 -9988 3
 213 2214 211 2212 81
 2224 111 2212 211 80
 213 1114 111 2112 81
 1114 211 2212 -211 80
 2212 2212 2224 2112 2
 2224 -213 2112 211 81
 111 1114 -211 2112 80
 2212 111 2224 -211 77
 2112 2112 2114 2114 43
 2212 1114 -9988 2112 3
 2212 -211 1114 213 78
 2212 211 2224 111 77
 2212 111 2214 111 77
 2212 111 2114 211 77
 211 2114 111 2212 80
 2212 111 2214 111 77
 2214 111 2112 211 80
 2212 2214 2212 2212 3
 2214 2112 2212 2112 3
 2114 113 2112 111 81
 2212 2112 2114 -9989 43
 2114 2212 2112 2212 3
 2112 2224 2212 2212 3
 2112 211 2114 211 77
 2212 2214 2212 2212 3
 2212 111 2214 111 77
 211 2114 111 2212 80
 2112 111 2114 111 77
 2212 111 2114 211 77
 2212 211 2224 111 77
 2214 2112 2212 2112 3
 2212 2114 2212 2112 3
 2212 2212 2214 2212 2
 2114 2212 2212 -9990 3
 2212 -211 2214 -211 77
 2214 111 2112 211 80
 2224 2112 2212 2212 3
 2212 111 2214 111 77
 2112 -211 1114 111 77
 1114 211 2212 -211 80
 2224 2112 2212 2212 3
 2214 -211 2112 111 80
 1114 2212 2112 2112 3
 2214 2212 2212 2212 3
 2112 2112 2114 2112 2
 211 2212 211 2214 77
 2212 213 3222 321 7
 -211 3222 -321 2212 12
 2114 111 2112 111 80
 321 3112 111 2114 1908
 111 2112 211 1114 77
 2212 2112 2214 2112 2
 2212 2212 2224 2114 43
 2212 2114 111 42 501
 213 2214 211 2212 81
 111 2214 111 2212 80
 2114 111 2212 -211 80
 2114 2212 2112 2212 3
 2212 211 2214 211 77
 2114 111 2112 111 80
 2214 2212 2212 2212 3
 211 2212 111 2224 77
 221 2112 321 3112 7
 -211 2212 -211 2214 77
 2212 111 2224 -213 78
 -211 2214 111 2112 80
 2214 111 2112 211 80
 111 2112 211 1114 77
 -211 2112 -211 2114 77
 211 1114 -211 2212 80
 111 2212 -211 2224 77
 1114 211 2112 111 80
 2112 111 2114 111 77
 2224 2112 2212 2212 3
 211 2112 111 2214 77
 1114 111 2112 -211 80
 -211 2214 111 2112 80
 2112 2112 -211 42 501
 2212 2212 2224 2112 2
 211 2112 111 2214 77
 -9990 2212 2112 2212 3
 2112 -211 2114 -211 77
 2212 211 2224 111 77
 2112 111 2214 -211 77
 2214 -211 2212 -211 80
 2212 1114 2112 2112 3
 2112 -211 2114 -213 78
 221 2114 321 3112 7
 2212 211 2214 211 77
 2112 111 2214 -211 77
 2112 111 1114 211 77
 2224 111 2212 211 80
 113 1114 -211 2112 81
 2212 211 2224 111 77
 1114 211 2212 -211 80
 2212 2212 2224 2112 2
 2114 -211 2112 -211 80
 111 2112 213 1114 78
 1114 2212 2112 2112 3
 2224 111 2212 211 80
 2114 211 2212 111 80
 2112 -211 1114 111 77
 111 2112 211 1114 77
 -211 2114 -211 2112 80
 2212 2114 2212 2112 3
 1114 211 2112 111 80
 2114 2212 2112 2212 3
 2214 2112 2212 2112 3
 2212 2212 2224 2112 2
 2212 -211 2114 111 77
 2212 2212 2214 2212 2
 2112 211 2224 -211 77
 2112 2224 2212 2212 3
 2114 -211 2112 -211 80
 2224 -211 2212 111 80
 2214 -211 2212 -211 80
 2114 113 2112 111 81
 2214 -211 2212 -211 80
 2224 -211 2212 111 80
 2214 2112 2212 2112 3
 2112 2112 2114 2112 2
 -211 2212 211 1114 77
 113 2224 211 2212 81
 -211 2214 -211 2212 80
 2212 2114 2212 2112 3
 213 2114 211 2112 81
 2224 2112 2212 2212 3
 2114 211 2112 211 80
 2112 2212 111 42 501
 1114 213 2212 -211 81
 1114 111 2112 -211 80
 2112 -211 2114 -211 77
 211 2114 111 2212 80
 2224 2112 2212 2212 3
 2114 111 2212 -211 80
 2112 111 2214 -211 77
 2114 211 2112 211 80
 1114 2212 2112 2112 3
 2214 2112 2212 2112 3
 2112 111 2214 -211 77
 211 2114 111 2212 80
 2214 2114 -9989 2112 5
 2112 2112 2114 2114 43
 211 1114 -211 2212 80
 -211 2114 -211 2112 80
 2212 1114 2112 2112 3
 2212 111 2224 -211 77
 -211 2214 -211 2212 80
 1114 113 2112 -211 81
 2114 -211 2112 -211 80
 2212 -211 2114 111 77
 2112 2212 111 42 501
 1114 2224 -9989 2112 5
 213 2114 111 2212 81
 2224 1114 2212 -9990 5
 2112 2112 2114 2112 2
 2214 213 2212 211 81
 2212 2214 2212 2212 3
 113 2214 211 2112 81
 2224 111 2212 211 80
 2224 2112 2212 -9989 3
 2224 2112 2212 2212 3
 2224 111 2212 211 80
 -211 2212 -211 2214 77
 2112 2224 -9989 2212 3
 2212 2214 2212 2212 3
 -213 2224 211 2112 81
 2212 2114 2212 2112 3
 2212 -211 2114 111 77
 2214 2212 2212 2212 3
 2212 -321 3112 211 12
 2224 -211 2112 211 80
 1114 111 2112 -211 80
 211 2212 211 2214 77
 2212 111 2114 211 77
 2114 2212 2112 2212 3
 2112 211 2224 -211 77
 -211 2212 211 1114 77
 2212 111 2224 -211 77
 211 2212 211 2214 77
 213 1114 111 2112 81
 2114 111 2212 -211 80
 2112 2112 -211 42 501
 2112 2112 1114 2212 2
 2212 2114 2212 2112 3
 1114 213 2112 111 81
 2114 111 2212 -211 80
 2112 -211 1114 111 77
 2214 111 2112 211 80
 2224 -211 2212 111 80
 2212 2212 211 42 501
 2212 111 2224 -211 77
 213 2214 211 2212 81
 111 2212 111 2214 77
 1114 2212 2112 2112 3
 2112 2214 2112 2212 3
 -213 2214 -211 2212 81
 1114 2212 2112 2112 3
 2214 213 2212 211 81
 2114 211 2112 211 80
 2224 2112 2212 2212 3
 2212 1114 2112 2112 3
 2112 111 2214 -211 77
 2224 111 2212 211 80
 2212 211 2224 111 77
 2224 2112 2212 2212 3
 111 2212 111 2214 77
 2114 -213 2112 -211 81
 2112 111 2214 -211 77
 211 2214 211 2212 80
 2214 -211 2112 111 80
 213 1114 -211 2212 81
 211 2112 -211 2224 77
 2112 2112 2114 2112 2
 2212 2114 2212 2112 3
 2212 2212 2224 2112 2
 2112 2224 2212 2212 3
 1114 2212 2112 2112 3
 211 1114 -211 2212 80
 2114 213 2212 111 81
 2214 2112 2212 2112 3
 2224 111 2212 211 80
 -213 2214 111 2112 81
 2114 111 2112 111 80
 2112 2112 -211 42 501
 2224 2112 2212 2212 3
 2112 -211 1114 111 77
 213 1114 111 2112 81
 2112 2214 2112 2212 3
 2112 111 2114 111 77
 -211 2214 111 2112 80
 111 2212 -213 2224 78
 2114 211 2212 111 80
 2114 2214 -9990 2212 5
 113 2224 211 2212 81
 -211 2112 111 1114 77
 113 2224 211 2212 81
 211 2112 -211 2224 77
 2212 211 2214 211 77
 2212 2112 2114 -9989 43
 -211 2212 -211 2214 77
 2212 211 2214 211 77
 211 2214 211 2212 80
 211 2212 211 2214 77
 2212 111 2114 211 77
 111 2114 -211 2212 80
 2224 111 2212 211 80
 2112 2212 2114 2212 2
 2212 -211 1114 211 77
 211 2212 111 2224 77
 -321 2112 -211 3122 12
 -211 2224 211 2112 80
 2112 211 2224 -211 77
 2112 211 2224 -211 77
 2214 2112 2212 2112 3
 -211 2212 111 2114 77
 2212 1114 2112 2112 3
 2114 211 2112 211 80
 2212 2214 2212 2212 3
 2212 -211 2114 111 77
 2112 223 3112 321 7
 2114 211 2212 111 80
 2112 111 2114 111 77
 2114 -211 2112 -211 80
 2224 -213 2212 111 81
 2212 111 2214 111 77
 2112 -211 1114 113 78
 2212 111 2224 -211 77
 2112 211 2224 -211 77
 211 2212 213 2214 78
 2114 111 2112 111 80
 211 2112 111 2214 77
 2112 111 2114 111 77
 2214 2212 211 42 501
 1114 111 2112 -211 80
 2114 111 2112 111 80
 -213 2114 -211 2112 81
 2214 213 2212 211 81
 2214 2112 2212 2112 3
 2212 2212 211 42 501
 2212 2212 -9987 2212 43
 2114 211 2112 211 80
 2112 -211 1114 111 77
 2214 2212 2212 2212 3
 2114 2112 -211 42 501
 2212 -211 2214 -211 77
 2112 2112 1114 2212 2
 2212 111 2114 211 77
 2212 2112 2212 2114 2
 2114 111 2212 -211 80
 2212 -211 2114 111 77
 2112 111 2114 111 77
 2212 2212 2214 2214 43
 2224 2112 2212 2212 3
 1114 111 2112 -211 80
 2112 211 2214 111 77
 2214 2112 2212 2112 3
 2114 2212 2112 2212 3
 2112 -211 2114 -211 77
 -213 2214 -211 2212 81
 2112 111 1114 211 77
 2212 111 2114 211 77
 211 2212 213 2214 78
 1114 2212 2112 2112 3
 2212 2112 2212 2114 2
 2114 111 2212 -211 80
 2112 111 2214 -211 77
 2114 111 2112 111 80
 1114 111 2112 -211 80
 1114 2212 2112 2112 3
 2212 2114 2212 2112 3
 2224 -211 2212 111 80
 2112 2112 2114 2112 2
 2224 2112 2212 2212 3
 2112 2212 2114 2212 2
 -211 2114 -211 2112 80
 211 -213 -2212 2214 18041
 2224 111 2212 211 80
 2112 111 2114 111 77
 2112 111 2114 111 77
 1114 211 2112 111 80
 2212 -211 2214 -211 77
 2114 111 2212 -211 80
 2112 111 2114 111 77
 2212 111 2224 -211 77
 213 1114 -211 2212 81
 2112 2214 2112 2212 3
 2224 -211 2112 211 80
 -2214 211 -2212 211 80
 2212 -9990 2212 2112 3
 2224 111 2212 211 80
 111 2112 111 2114 77
 2224 2112 2212 -9989 3
 2112 -211 1114 111 77
 111 2212 111 2214 77
 2214 2112 2212 -9990 3
 2112 2212 -9988 2212 43
 1114 211 2112 111 80
 2112 211 2214 111 77
 2214 2112 2212 2112 3
 1114 111 2112 -211 80
 2114 -211 2112 -211 80
 2224 2112 2212 2212 3
 2214 211 2212 211 80
 1114 111 2112 -211 80
 2112 111 1114 211 77
 2112 2214 2112 2212 3
 2112 111 1114 211 77
 2212 111 2214 111 77
 211 2112 211 2114 77
 -211 2112 -211 2114 77
 -211 2112 -211 2114 77
 2112 111 2114 111 77
 2114 2212 2112 2212 3
 -211 2112 -211 2114 77
 2112 2224 2212 2212 3
 2224 2112 2212 2212 3
 211 2212 211 2214 77
 2114 111 2212 -211 80
 2112 2224 2212 2212 3
 1114 111 2112 -211 80
 2112 111 1114 211 77
 1114 111 2112 -211 80
 -211 2212 213 1114 78
 2224 -213 2212 111 81
 2214 111 2112 211 80
 -211 2212 -211 2214 77
 2114 111 2212 -211 80
 2214 -211 2112 111 80
 2114 2212 2212 -9990 3
 2112 2212 2112 2214 2
 2114 211 2112 211 80
 213 2112 321 3122 7
 2114 113 2112 111 81
 2212 2212 2224 2112 2
 211 2112 111 2214 77
 2224 -213 2212 111 81
 2114 -213 2112 -211 81
 2224 -211 2112 211 80
 2214 2212 2212 2212 3
 2224 2112 2212 -9989 3
 2212 111 2114 211 77
 111 2112 -211 2214 77
 2114 213 2212 111 81
 2112 -211 1114 111 77
 111 2214 111 2212 80
 2112 2112 1114 2212 2
 1114 111 2112 -211 80
 2112 111 2214 -211 77
 2214 2112 2212 2112 3
 211 2112 -211 2224 77
 2224 1114 221 42 501
 2214 111 2212 111 80
 2214 2112 2212 2112 3
 2214 2112 2212 2112 3
 2214 2112 2212 2112 3
 2214 2112 2212 2112 3
 2114 -211 2112 -211 80
 -211 2212 111 2114 77
 1114 213 2112 111 81
 2212 -211 2114 111 77
 2114 -211 2112 -211 80
 1114 2212 2112 -9988 3
 2114 -211 2112 -211 80
 2212 2114 2212 2112 3
 2112 2112 1114 2212 2
 2212 1114 2112 2112 3
 113 2224 211 2212 81
 211 2212 211 2214 77
 2112 2112 2114 2112 2
 111 2212 -213 2224 78
 -211 2114 -211 2112 80
 2212 2212 2224 2112 2
 -211 2112 -211 2114 77
 2114 111 2112 111 80
 -2212 -211 -2224 111 77
 2224 111 2212 211 80
 2224 2112 2212 2212 3
 2224 1114 -9990 2212 5
 111 2112 -211 2214 77
 211 2114 211 2112 80
 2114 211 3122 321 7
 2214 213 2212 211 81
 2224 -213 2112 211 81
 1114 2212 2112 2112 3
 2114 2212 2212 -9990 3
 213 1114 -211 2212 81
 -213 2224 111 2212 81
 2212 211 2224 111 77
 321 3112 -213 2212 1908
 2212 2212 2224 2112 2
 2212 111 2224 -211 77
 211 2212 111 2224 77
 -213 2224 211 2112 81
 2212 2214 -9989 2212 3
 2212 -211 1114 211 77
 -211 2112 -211 2114 77
 2212 1114 2112 2112 3
 2224 2112 2212 2212 3
 2114 111 2212 -211 80
 2212 -211 2214 -211 77
 1114 211 2112 111 80
 2112 111 2214 -211 77
 2214 2112 2212 2112 3
 2212 2212 2224 2112 2
 2114 211 2112 211 80
 2212 2112 2212 2114 2
 2112 2214 111 42 501
 1114 111 2112 -211 80
 2214 2112 2212 2112 3
 2114 2212 2112 2212 3
 -211 2112 111 1114 77
 2212 1114 2112 2112 3
 2224 -211 2212 111 80
 2114 111 2212 -211 80
 2224 -211 2212 111 80
 2214 211 2212 211 80
 2212 111 2224 -211 77
 2214 2212 2212 2212 3
 2212 2214 2212 2212 3
 2114 111 2212 -211 80
 2112 2214 2112 2212 3
 111 2112 113 2114 78
 2214 111 2212 111 80
 2212 1114 2112 2112 3
 2112 -211 1114 111 77
 2214 211 2212 211 80
 2114 -211 2112 -211 80
 2212 2114 2212 2112 3
 2214 2112 2212 2112 3
 2112 -211 1114 111 77
 2224 2112 2212 2212 3
 1114 111 2112 -211 80
 211 2212 211 2214 77
 211 2112 211 2114 77
 -211 42 2112 2114 502
 1114 2212 2112 2112 3
 113 2114 -211 2212 81
 2214 -211 2112 111 80
 2212 -211 2114 111 77
 2224 -213 2212 111 81
 2224 111 2212 211 80
 2114 111 2212 -211 80
 2112 111 1114 211 77
 2212 2212 2224 2114 43
 2212 2212 211 42 501
 2212 211 2214 211 77
 -211 2214 -211 2212 80
 3122 321 -211 2224 1908
 2112 2224 2212 2212 3
 1114 111 2112 -211 80
 2224 -211 2112 211 80
 1114 2212 2112 2112 3
 2114 211 2212 111 80
 2112 2214 2112 2212 3
 2212 2112 2212 2114 2
 211 1114 111 2112 80
 2214 2112 2212 2112 3
 113 2224 211 2212 81
 2212 2212 2224 2112 2
 2212 2212 2224 2112 2
 211 2212 111 2224 77
 2212 -211 2114 111 77
 2114 2212 2212 -9990 3
 2112 -211 1114 111 77
 2112 2112 2114 2112 2
 -211 2212 211 1114 77
 -211 2112 111 1114 77
 2112 2212 2114 2212 2
 1114 2212 2112 2112 3
 1114 2212 2112 2112 3
 1114 111 2112 -211 80
 2212 111 2214 111 77
 2112 -211 1114 111 77
 2224 2112 2212 2212 3
 2112 2112 1114 2212 2
 223 223 -2212 2212 1801
 2212 1114 2112 2112 3
 2212 2212 211 42 501
 2112 211 2224 -211 77
 2212 111 2114 211 77
 2114 -211 2112 -211 80
 1114 2212 2112 2112 3
 1114 213 2212 -211 81
 111 2112 211 1114 77
 2112 111 2114 111 77
 -2212 211 -2114 111 77
 2214 2114 -9988 2212 5
 2212 2212 2224 2112 2
 2112 111 1114 211 77
 2212 1114 2112 2112 3
 2214 2112 2212 -9990 3
 2214 -211 2112 111 80
 2112 -211 2114 -211 77
 2112 2112 1114 2212 2
 2112 2214 2112 2212 3
 2212 -321 3122 111 12
 2212 2112 2212 2114 2
 2212 111 2114 211 77
 2212 2114 2212 2112 3
 2212 2112 2212 2114 2
 -211 2214 -211 2212 80
 211 2112 211 2114 77
 2112 111 2214 -211 77
 2224 111 2212 211 80
 3212 321 111 2214 1908
 2112 2212 111 42 501
 2112 211 2224 -211 77
 211 2114 111 2212 80
 2212 -211 2114 111 77
 223 42 2114 -9987 502
 2212 2112 2212 2114 2
 1114 211 2112 111 80
 2112 -211 2114 -211 77
 213 2114 111 2212 81
 2112 211 2214 111 77
 -213 2224 111 2212 81
 2114 111 2212 -211 80
 2224 111 2212 211 80
 -211 2114 -211 2112 80
 223 2112 321 3112 7
 2112 2214 2112 2212 3
 2212 2212 211 42 501
 2112 2212 2114 2212 2
 211 2114 111 2212 80
 2112 111 2114 111 77
 2212 -211 2114 111 77
 2212 1114 2112 2112 3
 2212 2212 2224 2112 2
 2224 -211 2112 211 80
 1114 211 2212 -211 80
 113 2214 111 2212 81
 -2212 -211 -2224 111 77
 2212 2212 2214 2212 2
 2214 2112 2212 2112 3
 2112 2112 1114 2212 2
 111 2212 113 2214 78
 42 211 2212 2212 502
 2212 -9990 2212 2112 3
 321 3212 -211 2224 1908
 2112 2224 2212 2212 3
 213 2214 211 2212 81
 2114 2212 2112 2212 3
 211 2214 211 2212 80
 2224 111 2212 211 80
 -211 2214 111 2112 80
 2112 2112 1114 2212 2
 2212 2112 2214 2112 2
 2112 -9989 2112 2212 3
 2214 2112 2212 2112 3
 2214 2212 2212 2212 3
 -211 2112 -211 2114 77
 2214 2112 2212 2112 3
 2112 2112 1114 2212 2
 -211 2112 -213 2114 78
 2212 -9990 2212 2112 3
 2212 2212 2224 2112 2
 2212 2212 2214 2214 43
 -211 2212 211 1114 77
 113 1114 -211 2112 81
 213 2212 321 3222 7
 113 111 2114 -2114 1808
 2224 -211 2212 111 80
 2224 111 2212 211 80
 2212 2212 2224 2112 2
 2114 111 2212 -211 80
 2214 2112 2212 2112 3
 2212 2212 2214 2212 2
 211 2112 111 2214 77
 2212 111 2224 -211 77
 2224 111 2212 211 80
 2114 111 2112 111 80
 2212 113 3122 321 7
 -211 2112 -211 2114 77
 2212 1114 2112 2112 3
 42 211 2212 2214 502
 211 42 2212 2212 502
 2112 -211 2114 -211 77
 2112 2212 2112 2214 2
 2114 2212 2112 2212 3
 2112 2212 111 42 501
 1114 2212 2112 2112 3
 2112 111 2214 -211 77
 2214 -211 2212 -211 80
 211 2114 111 2212 80
 213 2114 111 2212 81
 2224 2112 2212 2212 3
 2214 -211 2112 111 80
 1114 211 2112 111 80
 -211 2224 211 2112 80
 2214 2112 2212 2112 3
 2112 111 1114 211 77
 2112 2212 2114 2212 2
 2112 111 2114 111 77
 2214 -211 2212 -211 80
 -211 2112 111 1114 77
 1114 211 2112 111 80
 -211 2212 211 1114 77
 2214 2212 2212 2212 3
 2214 113 2112 211 81
 2212 -211 2114 111 77
 2112 2112 1114 2212 2
 111 1114 -211 2112 80
 2212 2114 2212 2112 3
 2224 2112 2212 2212 3
 2112 -211 1114 111 77
 2212 111 2114 211 77
 211 2114 211 2112 80
 113 1114 -211 2112 81
 223 111 2212 -10011 18062
 221 2214 321 3122 7
 2112 2112 1114 2212 2
 2224 -211 2212 111 80
 2224 1114 -9990 2212 5
 113 2214 211 2112 81
 223 111 2112 -10010 18072
 2112 2224 2212 2212 3
 -211 2114 -211 2112 80
 1114 2212 2112 2112 3
 2212 2214 2212 2212 3
 -213 2212 321 3112 7
 2112 2212 2214 -9990 43
 2214 2212 2212 2212 3
 2212 2212 211 42 501
 -211 2112 111 1114 77
 2212 2214 2212 2212 3
 2212 111 2224 -211 77
 2112 2224 2212 2212 3
 2224 2112 2212 2212 3
 2212 1114 2112 2112 3
 2212 2212 2224 2114 43
 2212 2214 2212 2212 3
 2212 2114 2212 2112 3
 2212 1114 2112 2112 3
 -211 2224 111 2212 80
 2212 211 2214 211 77
 2112 2214 2112 2212 3
 111 2112 -211 2214 77
 1114 2212 2112 2112 3
 2112 211 2214 111 77
 2212 2112 2212 2114 2
 2214 2114 2112 -9989 5
 2212 1114 2112 2112 3
 2112 -211 1114 223 79
 2224 2112 2212 2212 3
 2112 2214 2112 2212 3
 2112 2112 2114 2112 2
 -321 111 3122 -2214 71
 2214 2112 2212 2112 3
 1114 2212 -211 42 501
 1114 2212 2112 2112 3
 2214 111 2212 111 80
 2212 1114 -211 42 501
 111 223 2214 -2214 1808
 2212 111 2214 111 77
 -211 2214 111 2112 80
 -321 2212 111 3212 12
 113 2112 321 2112 101
 2214 2212 2212 2212 3
 2214 211 2212 211 80
 2212 211 2224 111 77
 2212 2112 2214 2112 2
 223 2112 321 2112 101
 2212 -10011 223 223 1906
 2114 2212 2112 2212 3
 -211 2224 111 2212 80
 2114 -211 2112 -211 80
 2112 2112 1114 2212 2
 2212 -2114 211 113 1903
 2224 111 2212 211 80
 -211 2214 -211 2212 80
 2114 211 2212 111 80
 2112 111 2214 -211 77
 223 111 2112 -10010 18072
 2212 111 2224 -211 77
 1114 211 2212 -211 80
 2224 2112 2212 2212 3
 2114 2212 2112 2212 3
 -211 2112 -211 2114 77
 2114 111 2112 111 80
 -211 2112 -211 2114 77
 2212 1114 2112 2112 3
 2112 2212 2114 2214 43
 2214 2112 2212 2112 3
 2112 2212 2114 2212 2
 2212 111 2214 111 77
 2212 2212 2224 2112 2
 2112 2112 1114 2212 2
 2112 -211 1114 111 77
 2212 1114 2112 2112 3
 2214 2112 2212 2112 3
 2112 2112 1114 2212 2
 2114 -2114 223 223 1906
 2114 2112 -211 42 501
 2212 111 2214 111 77
 1114 2212 2112 -9988 3
 2114 -211 2112 -211 80
 111 1114 -211 2112 80
 111 2114 111 2112 80
 2214 2112 2212 2112 3
 2224 -211 2112 211 80
 2212 2114 2212 2112 3
 2224 2112 2212 2212 3
 2212 2114 2212 2112 3
 2114 111 2112 111 80
 2212 2214 2212 2212 3
 -211 2212 211 1114 77
 2214 111 2112 211 80
 2212 211 2214 211 77
 2112 111 1114 211 77
 2112 2224 2212 2212 3
 2112 211 2224 -211 77
 1114 211 2112 111 80
 1114 211 2212 -211 80
 2212 2212 2214 2214 43
 213 1114 -211 2212 81
 2114 2112 -211 42 501
 2112 111 1114 211 77
 2212 2112 2214 2112 2
 2112 2112 1114 2212 2
 2112 2214 2112 2212 3
 1114 111 2112 -211 80
 211 1114 -211 2212 80
 1114 2212 2112 2112 3
 -211 2224 111 2212 80
 2212 211 2224 111 77
 2212 111 2114 211 77
 2212 2212 2214 -9989 43
 2212 2212 2224 2112 2
 213 2114 111 2212 81
 2214 -211 2212 -211 80
 2212 2112 2212 2114 2
 2112 2212 2114 2212 2
 2224 -211 2212 111 80
 223 2212 321 3122 7
 2212 1114 2112 2112 3
 1114 2212 2112 2112 3
 2212 1114 2112 2112 3
 2114 -211 2112 -211 80
 321 3112 211 1114 1908
 211 2114 111 2212 80
 2114 2212 2112 2212 3
 2114 211 2212 111 80
 211 2212 111 2224 77
 2114 2212 2112 2212 3
 2212 1114 2112 2112 3
 2224 111 2212 211 80
 2112 -211 1114 111 77
 2112 -211 2114 -211 77
 2224 2112 2212 2212 3
 -211 2212 -211 2214 77
 2212 -211 2114 111 77
 -2112 2112 -213 213 1904
 2212 2212 2214 -9989 43
 2212 1114 2112 2112 3
 2224 111 2212 211 80
 -213 2224 211 2112 81
 2212 111 2114 211 77
 2112 2214 2112 2212 3
 1114 2212 2112 2112 3
 -211 2112 -211 2114 77
 -211 2114 -211 2112 80
 2212 -2212 211 -211 1902
 2112 2112 2114 -9990 43
 2212 111 2224 -213 78
 2214 213 2212 211 81
 2224 111 2212 211 80
 2112 -321 3122 -211 12
 2112 2224 2212 2212 3
 2214 211 2212 211 80
 2214 2212 2212 2212 3
 2214 2212 2212 2212 3
 2212 213 3222 321 7
 2212 2212 2214 2212 2
 2212 1114 2112 2112 3
 2112 2214 2112 2212 3
 2212 2114 2212 2112 3
 113 2224 211 2212 81
 2112 111 2114 111 77
 2212 -211 2214 -211 77
 -213 2214 111 2112 81
 1114 111 2112 -211 80
 1114 111 2112 -211 80
 2224 2112 2212 2212 3
 2212 -211 2214 -211 77
 -9989 213 3222 321 7
 211 1114 111 2112 80
 1114 213 2212 -211 81
 2224 2112 2212 2212 3
 -9988 2112 -211 42 501
 2224 111 2212 211 80
 2212 2212 211 42 501
 -211 2114 -211 2112 80
 2112 211 2224 -211 77
 211 1114 111 2112 80
 2212 1114 2112 2112 3
 2212 1114 2112 2112 3
 1114 2224 2212 -9990 5
 2112 211 2114 211 77
 2214 2212 2212 2212 3
 2112 211 2214 111 77
 2224 -211 2112 211 80
 211 2112 -211 2224 77
 221 2212 321 3212 7
 2224 -211 2112 211 80
 2212 1114 2112 2112 3
 2114 111 2212 -211 80
 2214 111 2112 211 80
 1114 2212 2112 2112 3
 1114 2212 2112 2112 3
 -211 2114 -211 2112 80
 2212 1114 2112 2112 3
 2114 -211 2112 -211 80
 2112 2112 -211 42 501
 2112 2224 2212 2212 3
 213 2214 211 2212 81
 1114 2212 2112 2112 3
 2112 2112 2114 -9990 43
 2212 2212 2214 2212 2
 2112 -321 3122 -211 12
 2212 2212 2224 2112 2
 3312 -211 -321 3112 727
 2112 2112 -211 42 501
 2212 2212 2224 2112 2
 -2224 2212 113 -213 1904
 2212 2114 2212 2112 3
 2112 2224 2212 2212 3
 211 2212 113 2224 78
 2224 2112 2212 2212 3
 2224 2112 2212 2212 3
 2212 -9990 2212 2112 3
 -321 2114 111 3112 12
 2112 2112 1114 2212 2
 211 2212 111 2224 77
 2212 111 2114 211 77
 2112 2212 2114 2214 43
 2212 111 2114 211 77
 111 2112 211 1114 77
 2112 2112 1114 2212 2
 2224 111 2212 211 80
 2112 211 2114 211 77
 211 2212 111 2224 77
 2112 2112 2114 2114 43
 2112 2112 -211 42 501
 -213 2114 -211 2112 81
 321 3122 221 2212 1908
 2212 2212 2224 2112 2
 2214 211 2212 211 80
 -211 2112 -213 2114 78
 2212 111 2224 -211 77
 2112 2214 2112 2212 3
 113 223 -2112 2114 18051
 -213 2114 -211 2112 81
 2212 1114 -9988 2112 3
 2212 -2212 -213 213 1904
 2212 1114 2112 2112 3
 2112 -211 1114 111 77
 2212 111 2114 211 77
 2114 211 2112 211 80
 211 2212 211 2214 77
 1114 111 2112 -211 80
 2212 1114 2112 2112 3
 1114 211 2212 -211 80
 2224 2112 2212 2212 3
 2214 2112 2212 2112 3
 2112 2214 2112 2212 3
 2224 111 2212 211 80
 2212 2214 2212 2212 3
 -211 2212 -211 2214 77
 211 2212 211 2214 77
 2212 111 2114 211 77
 211 2112 111 2214 77
 -211 2112 111 1114 77
 2112 2112 2114 2114 43
 2212 2114 2212 2112 3
 2224 2112 2212 2212 3
 2112 -211 1114 111 77
 2114 2212 2112 2212 3
 -211 2224 211 2112 80
 2114 2212 2112 2212 3
 1114 2212 2112 2112 3
 2114 211 2112 211 80
 2214 2112 2212 2112 3
 1114 2212 2112 2112 3
 2112 111 1114 211 77
 2224 111 2212 211 80
 223 223 -2112 2114 18051
 -211 2214 -211 2212 80
 2114 2214 -9990 2212 5
 2114 2212 2112 2212 3
 2112 111 1114 211 77
 1114 2212 2112 2112 3
 2212 2114 2212 2112 3
 2224 111 2212 211 80
 -211 2112 -211 2114 77
 2112 2212 2112 2214 2
 2212 2112 2114 -9989 43
 2224 111 2212 211 80
 2114 111 2112 111 80
 1114 211 2112 111 80
 2112 2224 2212 2212 3
 2214 2112 2212 -9990 3
 2212 111 3122 321 7
 2212 2112 111 42 501
 2112 2112 1114 2212 2
 2112 2212 111 42 501
 2212 2212 2224 2112 2
 2214 111 3122 321 7
 2212 111 2214 113 78
 2112 -211 2114 -211 77
 2214 2112 2212 2112 3
 2112 211 2224 -211 77
 2212 -9990 2212 2112 3
 2112 2214 2112 2212 3
 2114 111 2212 -211 80
 -2212 2114 -211 223 1904
 2214 2112 2212 2112 3
 2112 111 2114 113 78
 -211 2224 111 2212 80
 2212 1114 2112 2112 3
 2114 211 2212 111 80
 113 2224 211 2212 81
 -211 2214 -211 2212 80
 2212 1114 2112 2112 3
 2112 2224 2212 2212 3
 -213 2224 211 2112 81
 2112 2112 1114 2212 2
 2224 2112 211 42 501
 211 2112 211 2114 77
 -211 2212 -211 2214 77
 2224 2112 2212 2212 3
 2212 1114 2112 2112 3
 2224 -211 2112 211 80
 1114 2212 2112 2112 3
 2112 2212 2112 2214 2
 2112 2212 2112 2214 2
 2212 1114 2112 2112 3
 2212 111 2224 -211 77
 2112 2212 2112 2214 2
 211 2112 -211 2224 77
 2212 223 3122 321 7
 2114 2212 2112 2212 3
 -321 2212 211 3112 12
 2212 2212 211 42 501
 -211 2212 211 1114 77
 2212 2212 2214 2212 2
 1114 2212 2112 2112 3
 2112 2212 2224 1114 43
 3122 -211 2112 -321 12
 211 2114 111 2212 80
 2212 1114 2112 2112 3
 2224 2112 2212 2212 3
 2112 2112 2114 2112 2
 1114 213 2212 -211 81
 -2212 2112 -213 113 1904
 -2112 2212 113 213 1904
 -213 2224 211 2112 81
 2212 111 2224 -211 77
 2112 111 1114 211 77
 223 111 -2212 2214 18041
 2214 2112 2212 2112 3
 2112 111 2114 111 77
 -211 2212 211 1114 77
 1114 111 2112 -211 80
 1114 2212 2112 2112 3
 2112 2224 2212 2212 3
 2224 111 2212 211 80
 2212 1114 2112 2112 3
 1114 2212 2112 -9988 3
 2112 211 2114 211 77
 2212 2214 2212 2212 3
 2114 2212 2112 -9989 3
 2112 2212 111 42 501
 2214 2212 2212 2212 3
 2224 -211 2212 111 80
 2224 111 2212 211 80
 211 2112 111 2214 77
 2112 2112 1114 2212 2
 2112 -9989 2112 2212 3
 2214 2112 2212 2112 3
 2114 2212 2112 2212 3
 2114 2212 2112 2212 3
 2112 2224 2212 2212 3
 2112 2224 2212 2212 3
 211 1114 111 2112 80
 -211 2112 -211 2114 77
 -211 2114 -211 2112 80
 111 2114 111 2112 80
 2112 111 2114 111 77
 2114 2212 2112 2212 3
 1114 211 2212 -211 80
 2112 211 2224 -211 77
 -213 2214 111 2112 81
 2212 2114 2212 2112 3
 2212 2112 111 42 501
 2212 111 2114 211 77
 2112 2112 1114 2212 2
 211 2112 -213 2224 78
 -211 2212 -211 2214 77
 213 1114 111 2112 81
 2212 2112 2212 2114 2
 2212 2212 2214 2212 2
 -211 2112 111 1114 77
 2112 2112 1114 2214 43
 2112 2224 2212 2212 3
 2112 2214 2112 2212 3
 2112 2212 2114 2212 2
 2212 1114 2112 2112 3
 2212 2212 2214 -9989 43
 2112 2214 2112 2212 3
 2212 2214 2212 2212 3
 2112 111 1114 211 77
 2112 111 1114 213 78
 2114 -211 2112 -211 80
 211 2212 211 2214 77
 213 2112 321 3212 7
 -211 2224 111 2212 80
 2112 2214 2112 2212 3
 2212 2112 2224 1114 43
 2112 2112 2114 2112 2
 2114 2212 2112 2212 3
 2112 2224 2212 2212 3
 2212 2112 2212 2114 2
 2214 211 2212 211 80
 2214 -211 2212 -211 80
 2212 211 2214 211 77
 2214 2212 2212 2212 3
 2214 111 2112 211 80
 2212 1114 2112 2112 3
 -9987 111 3212 321 7
 2224 2112 2212 2212 3
 211 2112 -211 2224 77
 111 2212 213 2114 78
 2212 211 2214 211 77
 2112 2224 2212 2212 3
 2112 2214 111 42 501
 -2212 2214 113 223 1905
 2112 111 1114 213 78
 1114 2212 2112 2112 3
 2212 2214 2212 2212 3
 2114 2212 2112 2212 3
 2224 2112 2212 -9989 3
 -211 2112 111 1114 77
 111 2224 211 2212 80
 1114 2212 2112 2112 3
 2212 2214 2212 2212 3
 2112 2112 1114 2212 2
 211 1114 111 2112 80
 2212 2112 2114 2214 43
 -211 213 -2212 2214 18041
 2212 2112 2212 2114 2
 2224 2112 2212 2212 3
 2212 2212 2224 2112 2
 2112 2214 2112 2212 3
 2224 111 2212 211 80
 221 2212 321 3212 7
 2112 2112 -211 42 501
 2224 2112 2212 2212 3
 2112 2112 2114 2112 2
 211 2114 111 2212 80
 2212 1114 2112 2112 3
 2212 111 2114 211 77
 2212 -321 3212 111 12
 2112 211 2114 211 77
 211 2112 211 2114 77
 211 2212 111 2224 77
 1114 111 2112 -211 80
 -211 2224 211 2112 80
 1114 111 2112 -211 80
 2224 2112 2212 2212 3
 213 2212 321 3222 7
 223 2224 321 3222 7
 2112 2112 1114 2212 2
 2212 1114 2112 2112 3
 2224 1114 -9989 2112 5
 2114 111 2112 111 80
 2212 1114 2112 2112 3
 2112 2112 1114 2212 2
 2112 111 2114 111 77
 2112 2112 1114 2212 2
 211 2212 111 2224 77
 113 2114 -211 2212 81
 2212 2214 2212 2212 3
 2212 2212 2224 -9990 43
 2212 111 2224 -213 78
 2224 2112 2212 2212 3
 3112 111 2112 -321 12
 111 2112 -211 2214 77
 2112 2112 1114 2212 2
 2112 211 2114 211 77
 -211 2112 111 1114 77
 -211 2224 211 2112 80
 223 2212 321 3212 7
 2224 2112 2212 2212 3
 211 2212 111 2224 77
 2212 2212 2224 2112 2
 -211 2112 -211 2114 77
 2114 113 2112 111 81
 2212 2214 211 42 501
 2212 2112 2212 -9990 2
 -211 2212 111 2114 77
 2112 2112 1114 2212 2
 2112 2212 2114 -9989 43
 2214 -211 2212 -211 80
 2212 2212 2224 2112 2
 2112 111 2114 111 77
 2224 2112 2212 2212 3
 2212 2114 2212 2112 3
 2212 2112 2214 2112 2
 111 2112 211 1114 77
 2224 111 2212 211 80
 2112 2224 2212 2212 3
 1114 111 2112 -211 80
 1114 2212 2112 2112 3
 2212 211 2224 111 77
 211 2112 -213 2224 78
 1114 211 2212 -211 80
 2112 211 2114 211 77
 2214 111 2112 211 80
 2114 2212 2112 2212 3
 2224 -213 2112 211 81
 2112 -2112 213 -213 1904
 2112 2112 2114 2112 2
 2214 2112 2212 2112 3
 -211 2112 -213 2114 78
 221 2112 321 3112 7
 2224 2112 2212 2212 3
 1114 2212 2112 2112 3
 2224 2112 2212 2212 3
 111 2224 211 2212 80
 1114 211 2212 -211 80
 2114 111 2112 111 80
 2212 -211 1114 211 77
 2212 2212 2224 2112 2
 2214 2112 2212 2112 3
 2212 2114 2212 2112 3
 2212 -211 1114 211 77
 2112 -211 2114 -211 77
 2214 2112 2212 2112 3
 211 2214 211 2212 80
 2114 111 2212 -211 80
 2114 111 2212 -211 80
 2214 2212 2212 2212 3
 2212 1114 2112 2112 3
 2112 -211 1114 111 77
 2212 1114 2112 2112 3
 2112 2112 2114 2112 2
 2114 2214 -9989 2112 5
 1114 2212 2112 2112 3
 2114 2212 2112 2212 3
 2112 -211 2114 -211 77
 2112 2112 1114 2212 2
 2212 2212 211 42 501
 -211 2112 111 1114 77
 2224 2112 2212 2212 3
 113 42 2112 2212 502
 2112 -211 2114 -211 77
 2112 -211 2114 -211 77
 111 2212 111 2214 77
 2212 2212 2224 2112 2
 2114 2212 2112 -9987 3
 1114 2212 2112 2112 3
 2112 2212 2114 2212 2
 113 2214 111 2212 81
 2212 111 2114 211 77
 2112 111 2114 111 77
 2212 2112 2212 2114 2
 2212 1114 2112 2112 3
 2212 2112 2212 2114 2
 2112 211 2114 211 77
 2112 2212 2112 2214 2
 2112 2112 -211 42 501
 1114 111 2112 -211 80
 2212 211 2224 111 77
 211 2212 111 2224 77
 2112 2112 1114 2212 2
 2114 2212 2212 -9990 3
 2112 111 2214 -211 77
 2112 2224 2212 2212 3
 2212 111 2224 -211 77
 2112 2212 2114 2214 43
 211 1114 111 2112 80
 2212 211 2224 111 77
 2112 111 2214 -211 77
 42 211 2212 2212 502
 213 -213 -2112 2114 18051
 2112 2112 1114 2212 2
 2112 2112 1114 2212 2
 2112 2112 1114 2212 2
 -211 2112 -211 2114 77
 2212 2214 2212 2212 3
 2112 111 1114 211 77
 2112 2212 2112 2214 2
 2224 111 2212 211 80
 2214 211 2212 211 80
 211 2112 -211 2224 77
 2212 111 2114 211 77
 2112 2214 2112 2212 3
 2112 2224 2212 2212 3
 1114 211 2212 -211 80
 211 2114 211 2112 80
 2112 2112 1114 2212 2
 2112 2224 2212 2212 3
 2112 2214 2112 2212 3
 2212 2114 2212 2112 3
 2112 2214 2112 2212 3
 -9990 2212 111 42 501
 2112 2224 2212 2212 3
 2214 211 2212 211 80
 2214 2112 2212 2112 3
 2212 111 2214 113 78
 2212 -211 2114 111 77
 -9989 2112 2212 2112 3
 2212 2212 2224 2112 2
 -9989 2112 2212 2112 3
 -211 2212 111 2114 77
 2112 2112 -211 42 501
 2112 2224 2212 2212 3
 2212 2212 2224 2112 2
 2214 2212 2212 2212 3
 2214 2112 2212 2112 3
 1114 2212 2112 2112 3
 2224 2112 2212 2212 3
 2114 2212 2112 2212 3
 2112 2212 2114 2212 2
 2114 -2212 -213 113 1904
 2112 2212 2112 2214 2
 2224 111 2212 211 80
 1114 111 2112 -211 80
 2112 -211 2114 -211 77
 211 2112 111 2214 77
 1114 2212 2112 2112 3
 2212 2114 2212 2112 3
 2112 2214 2112 2212 3
 2112 111 2114 111 77
 2214 2112 2212 -9990 3
 2114 2212 2112 2212 3
 2114 211 2112 211 80
 -211 2112 -211 2114 77
 2212 2212 211 42 501
 1114 111 2112 -211 80
 2112 2212 2214 -9990 43
 2224 -211 2212 111 80
 2112 2112 2114 -9990 43
 2212 1114 2112 2112 3
 2114 2212 2212 -9990 3
 2114 2212 2112 2212 3
 2112 2112 -211 42 501
 2114 2212 2112 2212 3
 2224 2112 2212 2212 3
 2112 2214 2112 2212 3
 2212 111 2214 111 77
 2212 2212 2224 2112 2
 1114 213 2112 111 81
 2112 111 2114 111 77
 2212 2112 2214 2112 2
 -211 2112 111 1114 77
 2224 2112 2212 2212 3
 1114 111 2112 -211 80
 2112 2224 2212 2212 3
 2212 2112 2212 2114 2
 213 2114 111 2212 81
 2224 111 2212 211 80
 113 1114 -211 2112 81
 -211 2112 111 1114 77
 2212 1114 2112 2112 3
 2212 2114 2212 2112 3
 -211 2112 111 1114 77
 2212 211 2224 111 77
 2112 2214 2112 2212 3
 2114 111 2212 -211 80
 111 2112 -211 2214 77
 2114 111 2212 -211 80
 2114 2212 2112 2212 3
 111 2114 111 2112 80
 1114 2212 2112 2112 3
 211 2112 111 2214 77
 2114 2212 2112 2212 3
 223 -211 1114 -2114 0
 2212 111 2214 111 77
 2212 2212 2214 2212 2
 2224 111 2212 211 80
 2112 2112 -211 42 501
 2112 2224 2212 2212 3
 2114 2212 2112 2212 3
 2112 -211 1114 111 77
 2112 111 2114 111 77
 2212 1114 2112 2112 3
 1114 2212 2112 2112 3
 2112 2112 1114 2212 2
 211 2112 -211 2224 77
 2212 111 2114 211 77
 2214 2112 2212 2112 3
 1114 2212 2112 2112 3
 2114 111 2112 111 80
 2112 -211 1114 111 77
 2112 2214 2112 2212 3
 2212 2112 2214 2112 2
 2212 2112 2214 2112 2
 2212 111 2214 111 77
 2112 111 2114 111 77
 2112 2224 2212 2212 3
 2114 211 2112 211 80
 2224 2112 2212 2212 3
 2112 2214 2112 2212 3
 111 2212 111 2214 77
 2214 2112 2212 2112 3
 211 2114 111 2212 80
 2212 1114 2112 2112 3
 2224 2112 2212 2212 3
 2112 111 1114 211 77
 1114 2212 2112 2112 3
 2114 113 2112 111 81
 111 2112 113 2114 79
 2112 -211 2114 -211 77
 2212 1114 2112 2112 3
 -211 2112 113 1114 78
 2214 2212 2212 -9989 3
 2112 111 2214 -211 77
 2112 -211 1114 111 77
 211 2214 211 2212 80
 2224 2112 2212 2212 3
 2214 211 2212 211 80
 1114 2212 2112 2112 3
 2212 -321 3222 -211 12
 2112 2112 2114 2112 2
 211 1114 111 2112 80
 2214 111 2212 111 80
 2112 2112 1114 2212 2
 2212 2212 2214 2212 2
 211 2212 211 2214 77
 1114 2212 2112 2112 3
 -211 2112 -211 2114 77
 2212 2114 2212 2112 3
 2212 1114 2112 2112 3
 2112 2112 1114 2212 2
 111 2112 -213 2214 78
 2114 2212 2112 2212 3
 2212 2212 2224 2112 2
 2114 2212 2112 2212 3
 2212 2112 2214 2112 2
 2112 111 2114 111 77
 211 1114 111 2112 80
 2212 2212 2224 2114 43
 2224 2112 2212 2212 3
 2214 2112 2212 2112 3
 1114 2212 2112 2112 3
 2112 2112 2114 2112 2
 2112 111 1114 211 77
 2212 2114 111 42 501
 2212 2212 2214 2212 2
 113 1114 -211 2112 81
 2212 2212 211 42 501
 2114 -211 2112 -211 80
 2212 2112 2212 2114 2
 2212 2114 2212 2112 3
 2112 111 2214 -211 77
 2212 2112 111 42 501
 2212 2214 2212 2212 3
 1114 111 2112 -211 80
 2112 2224 2212 2212 3
 2212 2212 211 42 501
 2112 111 2214 -211 77
 2212 1114 2112 2112 3
 2212 1114 2112 2112 3
 1114 211 2112 111 80
 2212 1114 2112 2112 3
 2214 2212 211 42 501
 2224 2112 2212 2212 3
 1114 2212 2112 2112 3
 2212 211 2224 111 77
 2112 2214 2112 2212 3
 2214 2212 2212 2212 3
 2112 211 2214 111 77
 111 2112 -211 2214 77
 2112 2112 2114 -9990 43
 1114 211 2212 -211 80
 2114 211 2212 111 80
 -211 2224 111 2212 80
 2212 2114 2212 2112 3
 2114 2212 2112 2212 3
 2214 111 2112 211 80
 2212 1114 2112 2112 3
 1114 2212 2112 2112 3
 2212 2212 2214 2212 2
 2212 2114 2212 2112 3
 2112 2214 111 42 501
 2112 111 2114 111 77
 2212 1114 2112 2112 3
 2112 -211 1114 111 77
 211 2112 111 2214 77
 2212 2112 2214 2112 2
 211 2114 111 2212 80
 2112 2212 2114 2214 43
 2224 2112 2212 2212 3
 211 2212 111 2224 77
 2212 1114 2112 2112 3
 2112 2112 1114 2212 2
 2212 2212 2224 2112 2
 2212 2112 111 42 501
 1114 2212 2112 2112 3
 1114 2212 2112 2112 3
 2224 2112 2212 2212 3
 2224 -211 2212 111 80
 2112 2112 1114 2212 2
 2112 211 2114 211 77
 2214 2112 2212 2112 3
 -2112 2112 113 223 1905
 2112 -211 2114 -211 77
 223 223 -2112 2114 18051
 2212 2112 2214 2112 2
 1114 2212 2112 2112 3
 1114 2212 2112 2112 3
 2212 1114 2112 2112 3
 2112 2112 1114 2212 2
 2114 2212 2112 2212 3
 -2112 2112 -213 213 1904
 2212 2212 2224 2114 43
 2214 2212 2212 2212 3
 2112 2214 2112 2212 3
 2112 2224 2212 2212 3
 223 2212 321 3122 7
 2212 2112 2114 -9989 43
 2112 2112 1114 2212 2
 2112 -211 1114 111 77
 113 1114 -211 2112 81
 2112 2214 2112 2212 3
 2112 2212 111 42 501
 2214 2212 2212 2212 3
 2114 2212 2112 2212 3
 -213 2214 -211 2212 81
 2114 -211 2112 -211 80
 1114 211 2112 111 80
 2112 2112 -211 42 501
 2212 2114 2212 2112 3
 2212 211 2224 111 77
 2112 111 2114 111 77
 2224 2112 2212 2212 3
 2212 111 2224 -211 77
 2112 2224 2212 2212 3
 2112 -9989 2112 2212 3
 2212 2212 2224 2112 2
 -2212 2112 -213 223 1905
 2112 2214 2112 2212 3
 2224 2112 2212 2212 3
 111 2224 211 2212 80
 2112 2214 2112 2212 3
 2212 2212 211 42 501
 2212 1114 2112 2112 3
 2212 1114 2112 2112 3
 2212 2212 2224 2112 2
 2212 2212 2224 2112 2
 2214 111 2112 211 80
 2214 2112 2212 2112 3
 2112 111 2214 -213 78
 2114 -211 2112 -211 80
 2212 2114 2212 2112 3
 2212 2212 211 42 501
 2212 2112 2212 2114 2
 2114 2212 2112 2212 3
 1114 111 2112 -211 80
 2112 111 1114 211 77
 2224 2112 2212 2212 3
 2114 2212 2112 2212 3
 2112 2224 2212 2212 3
 2212 2114 2212 2112 3
 1114 2212 2112 2112 3
 1114 2212 2112 2112 3
 2112 -211 2114 -211 77
 2214 2112 2212 2112 3
 2112 2224 2212 2212 3
 2214 2214 2212 -9987 5
 2112 2212 2112 2214 2
 2112 2112 1114 2212 2
 2212 2112 2224 1114 43
 2214 -213 2212 -211 81
 2112 2214 2112 2212 3
 211 2112 211 2114 77
 2112 2214 2112 2212 3
 2224 2112 2212 2212 3
 2212 2112 2212 2114 2
 2112 -211 2114 -211 77
 2112 111 2114 111 77
 1114 111 2112 -211 80
 2212 2212 211 42 501
 1114 2212 2112 2112 3
 2112 111 2114 111 77
 2212 1114 2112 2112 3
 -2212 2212 -211 213 1903
 -211 2212 111 2114 77
 1114 2212 2112 2112 3
 211 2112 111 2214 77
 2212 1114 2112 2112 3
 211 2112 211 2114 77
 2224 2112 2212 2212 3
 1114 2212 2112 2112 3
 2112 2224 2212 2212 3
 2224 2112 2212 2212 3
 321 3212 211 2112 1908
 2112 2112 1114 2214 43
 2212 111 2214 111 77
 -213 2224 211 2112 81
 2112 2214 2112 2212 3
 2214 111 2212 111 80
 2112 2112 1114 2212 2
 2212 2112 2214 2112 2
 2112 2214 2112 2212 3
 2114 111 2112 111 80
 2214 2112 2212 2112 3
 2212 2114 2212 2112 3
 2112 2214 2112 2212 3
 2212 2214 211 42 501
 2212 2114 2212 2112 3
 -211 2224 211 2112 80
 2112 111 1114 211 77
 2214 2112 2212 2112 3
 2212 2212 2224 2112 2
 2212 2212 2224 2112 2
 2114 2212 2112 2212 3
 2112 2224 2212 2212 3
 1114 2212 2112 2112 3
 2212 2212 2224 2112 2
 2214 111 2212 111 80
 -321 2112 -211 3122 12
 2224 2112 2212 2212 3
 1114 211 2112 111 80
 2212 1114 2112 2112 3
 2224 2112 2212 2212 3
 1114 2212 2112 2112 3
 211 1114 -211 2212 80
 2112 2112 1114 2212 2
 2212 1114 2112 2112 3
 2112 2212 2114 2212 2
 2212 2212 2214 2214 43
 2214 211 2212 211 80
 2212 2112 2214 2112 2
 1114 2212 2112 2112 3
 2212 2114 2212 2112 3
 2214 2112 2212 2112 3
 2224 2112 2212 2212 3
 1114 2212 2112 2112 3
 2212 -9990 2212 2112 3
 2212 2114 2212 2112 3
 2112 2224 2212 2212 3
 2112 2112 2114 -9990 43
 2112 2112 1114 2212 2
 2212 1114 2112 2112 3
 2212 1114 2112 2112 3
 2114 2212 2112 2212 3
 2112 -211 1114 111 77
 2112 2224 2212 2212 3
 2112 2224 2212 2212 3
 2214 2112 2212 2112 3
 2112 2112 1114 2212 2
 2212 -211 2114 111 77
 1114 111 2112 -211 80
 2212 -2212 111 223 1904
 2224 2112 2212 2212 3
 2112 -9989 2112 2212 3
 2212 111 2224 -211 77
 2114 2212 2112 2212 3
 2212 2112 111 42 501
 2212 2214 2212 2212 3
 2212 2114 2212 2112 3
 2212 2214 2212 2212 3
 2112 2112 2114 2112 2
 2112 2112 1114 2212 2
 2112 2214 2112 2212 3
 1114 2212 2112 2112 3
 2224 -213 2212 111 81
 2214 2112 2212 2112 3
 2112 111 2214 -211 77
 2214 2112 2212 2112 3
 2224 2112 2212 2212 3
 -211 2214 111 2112 80
 2212 2112 2214 2112 2
 2224 2112 2212 2212 3
 2214 2112 2212 2112 3
 2212 2114 2212 2112 3
 2114 2212 2112 2212 3
 2214 2112 2212 2112 3
 2112 2112 1114 2212 2
 2224 2112 2212 2212 3
 2112 211 2114 211 77
 2212 1114 2112 2112 3
 2112 2112 1114 2212 2
 2224 2112 2212 2212 3
 1114 2212 2112 2112 3
 2212 2214 2212 2212 3
 -9990 2212 2112 2212 3
 2224 111 2212 211 80
 2212 1114 2112 2112 3
 2112 2224 2212 2212 3
 2112 2214 2112 2212 3
 2112 2224 2212 2212 3
 211 2214 211 2212 80
 2112 2214 2112 2212 3
 211 1114 111 2112 80
 2224 2112 2212 2212 3
 2214 2112 2212 -9990 3
 2224 1114 2112 -9989 5
 2112 211 2214 111 77
 -211 2112 -211 2114 77
 1114 2212 2112 2112 3
 2112 2112 2114 -9990 43
 111 2212 211 2114 77
 2112 2112 2114 2114 43
 2212 2212 2224 2112 2
 2212 2114 2212 2112 3
 2112 -9989 2112 2212 3
 2224 2112 2212 2212 3
 2212 1114 2112 2112 3
 2212 1114 2112 2112 3
 2114 2212 2112 2212 3
 2114 2212 2112 2212 3
 2114 2212 2112 2212 3
 2112 2214 2112 2212 3
 2112 2212 2214 -9990 43
 2214 2112 2212 2112 3
 1114 2212 2112 2112 3
 2212 2114 2212 2112 3
 2112 111 2214 -211 77
 2212 2112 2114 2214 43
 2212 111 2214 111 77
 1114 2212 2112 2112 3
 2112 111 2114 111 77
 2212 1114 2112 2112 3
 2114 2212 2112 2212 3
 -213 2214 111 2112 81
 2112 2214 111 42 501
 2214 2112 2212 2112 3
 2112 2214 2112 2212 3
 2112 2212 111 42 501
 2212 1114 2112 2112 3
 2114 211 2212 111 80
 2212 1114 2112 2112 3
 2112 -211 2114 -211 77
 1114 111 2112 -211 80
 2114 -211 2112 -211 80
 -323 2212 3122 111 12
 2212 1114 2112 2112 3
 2212 2212 2224 2112 2
 2212 1114 -211 42 501
 2112 2212 111 42 501
 2112 2212 2112 2214 2
 2224 -211 2112 211 80
 2212 111 2114 211 77
 2224 2112 2212 2212 3
 2214 2112 2212 2112 3
 2212 2212 2224 2112 2
 -211 2112 -211 2114 77
 2224 2112 2212 2212 3
 2212 2114 2212 2112 3
 3212 321 211 2114 1908
 1114 2212 2112 2112 3
 3112 321 111 2114 1908
 2214 2212 2212 2212 3
 2212 2214 2212 2212 3
 3122 321 -211 2224 1908
 2212 2114 2212 2112 3
 2112 -211 1114 111 77
 2112 2212 2114 2212 2
 2214 2112 2212 2112 3
 2212 1114 2112 2112 3
 211 2212 111 2224 77
 2112 2212 2112 2214 2
 2114 2212 2112 2212 3
 2114 111 2212 -211 80
 2212 2112 2212 -9990 2
 2224 2112 2212 2212 3
 2112 2224 211 42 501
 2114 2212 2112 2212 3
 2212 2112 2214 -9990 43
 2212 2114 -9990 2212 3
 213 1114 111 2112 81
 2212 2212 211 42 501
 2224 2112 2212 2212 3
 2114 2212 2112 2212 3
 2224 2112 2212 2212 3
 2214 -211 2112 111 80
 2212 2212 211 42 501
 2112 2112 1114 2212 2
 2212 1114 2112 2112 3
 -211 2212 111 2114 77
 2112 2214 2112 2212 3
 2112 2214 2112 2212 3
 2212 2212 2214 2214 43
 2212 2112 2114 2214 43
 2214 2212 2212 2212 3
 2214 2212 2212 2212 3
 2214 2112 2212 2112 3
 111 2112 111 2114 77
 2114 2212 111 42 501
 2212 111 2114 211 77
 1114 2212 2112 2112 3
 2212 2114 2212 2112 3
 2212 2212 2214 2214 43
 2112 2214 2112 2212 3
 111 2112 213 1114 78
 2112 2214 2112 2212 3
 2112 2212 2114 -9989 43
 2114 111 2212 -211 80
 2224 2112 2212 2212 3
 -211 2212 -211 2214 77
 2112 2224 2212 2212 3
 2112 2112 1114 2212 2
 2224 2112 2212 2212 3
 2212 1114 2112 2112 3
 111 2112 -211 2214 77
 2224 2112 2212 2212 3
 2212 2212 2224 -9990 43
 2212 2214 2212 2212 3
 -211 2112 -211 2114 77
 1114 2212 2112 2112 3
 2212 2212 2224 2112 2
 2224 2112 2212 2212 3
 2212 2212 2224 2112 2
 2212 2114 2212 2112 3
 2214 2212 2212 2212 3
 2212 1114 2112 2112 3
 2214 2212 2212 2212 3
 -211 2112 111 1114 77
 2112 2224 2212 2212 3
 113 1114 -211 2112 81
 2212 -211 2214 -211 77
 2212 1114 2112 2112 3
 1114 2212 2112 2112 3
 2212 1114 2112 2112 3
 2112 2214 2112 2212 3
 2112 2112 1114 2212 2
 2224 2112 2212 2212 3
 211 2112 -211 2224 77
 2212 2114 2212 2112 3
 2212 2212 2224 2112 2
 2212 1114 2112 2112 3
 2112 2212 2224 1114 43
 2112 2212 2112 2214 2
 2212 211 2214 211 77
 2112 2214 2112 2212 3
 1114 2212 2112 2112 3
 -211 2112 -211 2114 77
 2212 1114 2112 2112 3
 2112 2112 -211 42 501
 2212 2214 2212 2212 3
 2224 2112 2212 2212 3
 2214 2112 2212 2112 3
 2212 -211 2214 -211 77
 -9989 2112 2212 2112 3
 211 2112 211 2114 77
 2212 1114 2112 2112 3
 1114 2212 2112 -9988 3
 2212 -211 2214 -211 77
 2214 2112 2212 2112 3
 2112 2112 1114 2214 43
 2112 2224 2212 2212 3
 2224 2112 2212 2212 3
 2212 1114 2112 2112 3
 2114 2212 2112 2212 3
 2214 2112 2212 2112 3
 2214 2212 2212 -9989 3
 223 2212 321 3122 7
 2112 2112 1114 2212 2
 2112 2224 2212 2212 3
 2112 -3122 321 -211 71
 2112 2212 2112 2214 2
 2212 2112 2214 2112 2
 2114 211 2212 111 80
 2224 2112 2212 2212 3
 2214 -211 2112 111 80
 2112 2112 1114 2212 2
 2212 2214 2212 2212 3
 1114 2212 2112 -9988 3
 2212 1114 2112 2112 3
 2114 111 2112 111 80
 2224 2112 2212 2212 3
 -321 2112 -211 3122 12
 2212 2212 2214 2212 2
 2114 2212 2112 2212 3
 2112 2214 2112 2212 3
 2212 1114 2112 2112 3
 2112 2224 2212 2212 3
 2112 211 2114 211 77
 -211 2214 111 2112 80
 2112 211 2114 211 77
 2112 2214 2112 2212 3
 1114 2212 2112 2112 3
 2212 111 2214 111 77
 2114 2212 2112 2212 3
 2224 2112 2212 2212 3
 2212 -211 1114 211 77
 2112 2224 2212 2212 3
 223 2212 321 3212 7
 2212 -211 2114 111 77
 2214 2112 2212 2112 3
 211 2112 -211 2224 77
 2212 111 2114 211 77
 2224 2112 2212 2212 3
 2224 2112 2212 2212 3
 2112 2112 1114 2212 2
 2212 2214 2212 2212 3
 2212 211 2214 211 77
 2214 2112 2212 2112 3
 -211 2112 111 1114 77
 2214 2112 2212 2112 3
 2112 2112 1114 2212 2
 2112 2224 2212 2212 3
 2224 2112 2212 2212 3
 1114 111 2112 -211 80
 2112 2214 2112 2212 3
 2112 2112 2114 -9990 43
 2212 111 2114 211 77
 2114 2212 2112 2212 3
 2214 2112 2212 2112 3
 2112 2224 2212 2212 3
 2212 1114 2112 2112 3
 2212 2112 2212 2114 2
 2212 1114 2112 2112 3
 2212 1114 2112 2112 3
 2114 2212 111 42 501
 2212 111 2114 211 77
 -321 2112 -211 3122 12
 2224 2112 2212 2212 3
 2212 1114 2112 2112 3
 2224 2112 2212 2212 3
 -211 2212 -211 2214 77
 2214 2212 2212 2212 3
 2212 1114 2112 2112 3
 1114 211 2212 -211 80
 2212 2214 2212 2212 3
 2112 2214 2112 2212 3
 2212 1114 2112 2112 3
 111 1114 -211 2112 80
 2212 1114 2112 2112 3
 2214 2112 2212 2112 3
 2212 -211 2114 111 77
 2224 2112 2212 2212 3
 2212 2212 2214 2212 2
 -2112 2212 211 113 1903
 1114 2212 2112 2112 3
 211 2112 -211 2224 77
 2212 2212 2224 2112 2
 2112 2224 2212 2212 3
 2114 2212 111 42 501
 2214 2112 2212 2112 3
 -211 2114 -211 2112 80
 2224 2112 2212 2212 3
 2112 -211 1114 111 77
 2224 2112 2212 2212 3
 2224 -211 2112 211 80
 2212 2212 2224 2112 2
 2212 2212 211 42 501
 2114 2212 2112 2212 3
 1114 2212 2112 2112 3
 2224 2112 2212 2212 3
 2224 2112 2212 2212 3
 2112 2112 1114 2212 2
 2112 2112 1114 2212 2
 2224 2112 2212 2212 3
 2224 2112 2212 2212 3
 2212 2212 2224 -9990 43
 2212 1114 2112 2112 3
 2112 2224 2212 2212 3
 2212 1114 2112 2112 3
 2112 2224 2212 2212 3
 2112 2112 -211 42 501
 2112 2224 2212 2212 3
 2112 2214 2112 2212 3
 2112 2112 1114 2214 43
 2114 2212 2112 2212 3
 2112 2112 -211 42 501
 2224 2112 2212 2212 3
 2212 1114 2112 2112 3
 2224 2112 2212 2212 3
 2112 2112 -211 42 501
 1114 2212 2112 2112 3
 1114 2212 2112 2112 3
 2114 2212 2112 2212 3
 1114 2212 2112 2112 3
 2112 223 3112 321 7
 -9989 2112 2212 2112 3
 2112 2112 -211 42 501
 1114 211 2112 111 80
 2212 2212 2214 2212 2
 2212 2212 2224 -9990 43
 2114 2212 2112 2212 3
 42 111 2212 2114 502
 2214 2212 2212 2212 3
 2212 2212 2224 2112 2
 2214 2112 2212 2112 3
 2112 2214 2112 2212 3
 2212 211 2214 211 77
 2224 111 2212 211 80
 2214 2212 2212 2212 3
 2112 2212 111 42 501
 2112 2224 2212 2212 3
 1114 2212 2112 2112 3
 2224 2112 2212 2212 3
 2212 2114 2212 2112 3
 2112 2224 2212 2212 3
 2212 2112 2212 2114 2
 2212 2214 211 42 501
 2212 2212 211 42 501
 221 3312 -321 3212 727
 2212 2112 2212 2114 2
 2212 1114 2112 2112 3
 2214 2212 2212 2212 3
 1114 2212 2112 2112 3
 2112 2224 2212 2212 3
 2224 2112 211 42 501
 2214 2212 2212 2212 3
 2112 2212 2114 2212 2
 2224 2112 2212 2212 3
 2212 1114 2112 2112 3
 1114 2212 2112 2112 3
 2224 2112 2212 2212 3
 2212 2214 2212 2212 3
 -9990 2212 2112 2212 3
 2212 1114 2112 2112 3
 2212 1114 2112 2112 3
 2212 2214 2212 2212 3
 2214 111 2212 111 80
 2214 2112 2212 2112 3
 2212 2114 2212 2112 3
 111 2112 111 2114 77
 1114 2212 2112 2112 3
 2224 2112 2212 2212 3
 2112 111 2214 -211 77
 2112 2112 1114 2212 2
 2212 2212 2224 2112 2
 2224 2112 2212 2212 3
 2224 2112 2212 2212 3
 211 2112 211 2114 77
 2112 2112 1114 2212 2
 1114 2212 2112 2112 3
 2112 2214 2112 2212 3
 2114 2212 2112 2212 3
 1114 2212 2112 -9988 3
 2112 2224 211 42 501
 2114 -211 2112 -211 80
 2214 2112 2112 -9989 3
 2112 111 2114 113 78
 2212 2112 2212 2114 2
 2114 211 2212 111 80
 2212 1114 2112 2112 3
 1114 2212 2112 2112 3
 2112 2224 2212 2212 3
 2114 2212 2112 2212 3
 2112 111 2114 111 77
 2212 2114 2212 2112 3
 2224 2112 2212 2212 3
 2212 2212 2214 2212 2
 2212 211 2224 111 77
 2212 2214 2212 2212 3
 2112 2214 2112 2212 3
 2212 2112 2214 2112 2
 2212 -321 3122 111 12
 2212 2214 2212 2212 3
 2114 2212 2112 2212 3
 2224 2112 2212 2212 3
 2114 111 2212 -211 80
 2112 2214 2112 2212 3
 2114 2112 -211 42 501
 2212 2214 2212 2212 3
 2214 2112 2212 2112 3
 2112 2224 2212 2212 3
 2212 2112 111 42 501
 2112 2224 2212 2212 3
 2212 2214 2212 2212 3
 2212 1114 2112 2112 3
 2224 1114 2112 -9989 5
 2212 -211 1114 211 77
 2212 2212 2224 -9990 43
 2212 111 2224 -211 77
 2212 1114 2112 2112 3
 2212 2114 2212 2112 3
 2212 2214 2212 2212 3
 2112 2112 1114 2212 2
 2112 2214 2112 2212 3
 2224 111 2212 211 80
 2112 2212 2114 2212 2
 2212 2212 211 42 501
 2112 2112 2114 2112 2
 2224 2112 2212 2212 3
 2112 2212 2114 2212 2
 2214 2212 2212 2212 3
 2112 2214 2112 2212 3
 1114 2212 -211 42 501
 2112 2112 -211 42 501
 1114 2212 2112 2112 3
 2114 2212 2112 2212 3
 2112 2214 2112 2212 3
 2212 2112 2214 2112 2
 211 1114 -211 2212 80
 2224 111 2212 211 80
 2212 2214 2212 2212 3
 2224 2112 2212 2212 3
 2224 2112 2212 2212 3
 1114 2212 2112 2112 3
 211 2212 211 2214 77
 2112 2224 2212 2212 3
 2112 2224 2212 2212 3
 2114 2212 2112 2212 3
 2112 2224 2212 2212 3
 1114 211 2212 -211 80
 2212 2114 2212 2112 3
 2112 2112 2114 2112 2
 2212 2212 2224 2112 2
 2112 2224 2212 2212 3
 1114 2212 2112 2112 3
 2112 -9989 2112 2212 3
 2212 2114 2212 2112 3
 2212 2212 2224 2112 2
 2212 -211 2214 -211 77
 2112 2224 2212 2212 3
 2212 1114 2112 2112 3
 1114 2212 2112 2112 3
 2212 1114 2112 2112 3
 2112 2112 2114 2112 2
 2214 111 2112 211 80
 2112 211 2114 211 77
 2224 2112 2212 2212 3
 2212 1114 2112 2112 3
 111 2224 211 2212 80
 2112 2224 2212 2212 3
 2212 2112 2214 2112 2
 2112 2214 2112 2212 3
 2214 2112 111 42 501
 2212 111 2114 211 77
 2224 2112 2212 2212 3
 2114 2212 2112 2212 3
 211 2112 -211 2224 77
 223 2112 321 3112 7
 2112 2224 2212 2212 3
 2224 2112 211 42 501
 1114 2212 2112 2112 3
 2212 1114 2112 2112 3
 2224 2112 2212 2212 3
 2112 2214 2112 2212 3
 2112 211 2224 -211 77
 2224 111 2212 211 80
 2214 2212 2212 2212 3
 2112 2212 2114 -9989 43
 2214 2112 2212 2112 3
 1114 2212 -211 42 501
 321 3112 -211 2214 1908
 1114 2212 -211 42 501
 2224 2112 2212 2212 3
 2114 2214 -9989 2112 5
 2212 211 2214 211 77
 2212 1114 2112 2112 3
 2212 1114 2112 2112 3
 2212 2112 2214 2112 2
 2112 211 2224 -211 77
 2114 2212 2112 2212 3
 -211 2212 -211 2214 77
 2214 2212 2212 2212 3
 2112 2224 2212 2212 3
 2112 2212 2112 -9989 2
 2114 2212 2112 2212 3
 42 211 2212 2212 502
 1114 2212 2112 2112 3
 1114 2212 2112 2112 3
 2112 2112 1114 2212 2
 1114 2212 2112 2112 3
 2212 1114 2112 2112 3
 2114 2212 2112 2212 3
 2212 2114 2212 2112 3
 2212 2212 211 42 501
 2112 111 2114 113 78
 211 2114 211 2112 80
 2114 2212 2112 2212 3
 1114 2212 2112 2112 3
 2112 2224 2212 2212 3
 2212 2112 111 42 501
 2214 2212 2212 2212 3
 2212 111 2224 -211 77
 2224 2112 2212 2212 3
 2224 2112 2212 2212 3
 -321 2112 111 3112 12
 -9990 2112 -211 42 501
 2212 2114 2212 2112 3
 111 2212 223 2214 79
 2112 2112 1114 2212 2
 2112 -9989 2112 2212 3
 2112 2214 111 42 501
 2212 2114 2212 2112 3
 2112 2214 2112 2212 3
 1114 2212 2112 2112 3
 2114 2212 2112 2212 3
 2214 2112 2212 2112 3
 2112 2212 111 42 501
 2212 2114 2212 2112 3
 1114 2212 2112 2112 3
 1114 2212 2112 2112 3
 -211 2112 111 1114 77
 2212 2114 2212 2112 3
 2212 2212 2224 2112 2
 2112 2114 -211 42 501
 1114 2212 2112 2112 3
 2112 2212 2214 -9990 43
 2112 2212 2114 2212 2
 2112 2224 2212 2212 3
 2112 2112 -211 42 501
 2112 2224 2212 2212 3
 2212 2212 2214 2214 43
 2224 2112 2212 2212 3
 2212 2212 2214 2212 2
 2212 2212 2224 -9990 43
 2114 2212 2112 2212 3
 2212 2212 2224 2112 2
 2114 2212 2112 2212 3
 2112 2212 2112 2214 2
 2212 2212 2224 2112 2
 2112 2224 2212 2212 3
 2112 2224 2212 2212 3
 2212 2212 2214 -9989 43
 2214 2212 2212 2212 3
 2112 2224 2212 2212 3
 2112 2112 1114 2212 2
 2112 2214 2112 2212 3
 2224 2112 2212 2212 3
 2214 2112 111 42 501
 2224 2112 2212 2212 3
 2112 2224 2212 2212 3
 2212 2214 2212 2212 3
 2112 2212 2112 2214 2
 2112 2112 2114 -9990 43
 2214 2112 2212 2112 3
 -211 2214 111 2112 80
 1114 2212 2112 2112 3
 2224 2112 2212 2212 3
 2112 2112 1114 2212 2
 2112 2224 2212 2212 3
 2112 2214 2112 2212 3
 2224 2112 2212 2212 3
 2112 2214 2112 2212 3
 2212 1114 2112 2112 3
 2214 2112 2212 2112 3
 2212 2212 2224 2112 2
 2214 2112 2212 2112 3
 2212 1114 2112 2112 3
 2112 2224 2212 2212 3
 111 2112 -211 2214 77
 1114 2212 2112 2112 3
 2114 2212 2112 2212 3
 2112 2214 2112 2212 3
 2112 2112 -211 42 501
 2114 2212 2112 2212 3
 2212 1114 2112 2112 3
 211 2112 321 3122 7
 2212 2114 111 42 501
 2114 2212 2112 2212 3
 2212 2114 2212 2112 3
 2112 2212 2114 2214 43
 2212 1114 2112 2112 3
 2112 2214 2112 2212 3
 2224 2112 2212 2212 3
 2212 2112 2224 1114 43
 2212 1114 2112 2112 3
 2112 2212 2114 2212 2
 2112 111 2114 111 77
 2214 2212 2212 2212 3
 2212 2114 2212 2112 3
 1114 2212 -211 42 501
 2212 1114 2112 2112 3
 2212 1114 2112 2112 3
 2114 2212 2112 2212 3
 211 2112 -211 2224 77
 2112 2212 2114 2212 2
 2112 2212 2114 2214 43
 2212 1114 2112 2112 3
 2214 2212 2212 2212 3
 2224 2112 2212 2212 3
 2112 2214 2112 2212 3
 2212 2212 2224 2114 43
 2112 2212 2114 -9989 43
 2212 2114 2212 2112 3
 -211 2114 -211 2112 80
 2212 2114 2212 2112 3
 2212 211 2214 211 77
 2112 -9989 2112 2212 3
 2224 2112 2212 2212 3
 2112 2112 -211 42 501
 1114 2212 2112 2112 3
 2112 -211 2114 -211 77
 2112 2112 -211 42 501
 2212 2212 2224 2112 2
 2112 2224 2212 2212 3
 1114 2212 2112 2112 3
 1114 2212 2112 2112 3
 2212 111 2224 -211 77
 2112 -9987 223 42 501
 2212 2114 2212 2112 3
 2212 2114 2212 2112 3
 2212 211 2214 211 77
 2224 2112 2212 2212 3
 2112 2112 1114 2212 2
 2212 1114 2112 2112 3
 -321 2212 211 3112 12
 2214 2212 2212 2212 3
 1114 2212 2112 2112 3
 2212 2214 2212 2212 3
 2212 1114 2112 2112 3
 211 2212 213 2214 78
 2112 2212 2112 2214 2
 2212 2114 2212 2112 3
 2114 2212 2112 2212 3
 2112 2224 2212 2212 3
 2212 2212 2224 2112 2
 2214 2212 2212 2212 3
 2112 2224 2212 2212 3
 2212 1114 2112 2112 3
 2112 2112 2114 2112 2
 2112 2224 2212 2212 3
 2212 2114 2212 2112 3
 2114 2212 2112 2212 3
 2112 2224 2212 2212 3
 2212 2214 211 42 501
 2214 211 2212 211 80
 2224 111 2212 211 80
 2212 1114 2112 2112 3
 2212 2114 2212 2112 3
 2212 1114 2112 2112 3
 2224 2112 2212 2212 3
 -211 2112 111 1114 77
 2212 1114 2112 2112 3
 2114 2212 2112 2212 3
 2214 2112 2212 2112 3
 2212 2214 2212 2212 3
 -2112 2112 223 223 1906
 2112 2214 2112 2212 3
 1114 2212 2112 2112 3
 2212 2114 2212 2112 3
 2114 2112 -211 42 501
 2114 2212 2112 2212 3
 2214 2112 111 42 501
 1114 2212 2112 2112 3
 2112 2212 2112 2214 2
 2112 2112 2114 2112 2
 2112 111 1114 211 77
 2112 111 2114 111 77
 223 223 -2112 2112 1803
 2212 1114 2112 2112 3
 2112 2112 2114 2112 2
 2112 2214 2112 2212 3
 2112 2112 1114 2212 2
 1114 2212 2112 2112 3
 2112 2112 2114 2112 2
 2212 1114 2112 2112 3
 2212 2212 211 42 501
 2214 2112 2112 -9989 3
 2112 2214 2112 2212 3
 2212 2114 2212 2112 3
 2114 2212 2112 2212 3
 2214 2112 2212 2112 3
 2212 1114 2112 2112 3
 2114 2212 2112 2212 3
 1114 2212 2112 2112 3
 2114 211 2212 111 80
 2212 2212 2224 2112 2
 2224 2112 2212 2212 3
 2214 2112 2212 2112 3
 2212 1114 2112 2112 3
 1114 2212 2112 2112 3
 2212 2114 2212 2112 3
 2214 2112 2212 2112 3
 2112 2214 2112 2212 3
 2112 2214 2112 2212 3
 2212 2212 2224 2112 2
 1114 2212 2112 2112 3
 2112 2224 2212 2212 3
 1114 2212 2112 2112 3
 2214 211 2212 211 80
 2112 2112 -211 42 501
 2112 2214 2112 2212 3
 2212 111 2214 111 77
 2112 2112 1114 2212 2
 2112 2224 2212 2212 3
 2112 2212 2114 2212 2
 1114 2212 2112 2112 3
 2112 2212 111 42 501
 2212 1114 2112 2112 3
 2212 1114 2112 2112 3
 1114 2212 2112 2112 3
 2214 2112 2212 2112 3
 2214 2112 2212 2112 3
 2224 2112 2212 2212 3
 2212 1114 2112 2112 3
 2112 2214 2112 2212 3
 2112 2114 -211 42 501
 2112 2112 -211 42 501
 2212 2114 2212 2112 3
 2114 2212 2112 2212 3
 2224 2112 2212 2212 3
 2114 2212 2112 2212 3
 2112 2224 2212 2212 3
 -211 2212 111 2114 77
 2224 2112 2212 2212 3
 2212 2214 2212 2212 3
 2212 2212 211 42 501
 2212 1114 2112 2112 3
 2212 2112 2212 2114 2
 2212 2212 211 42 501
 1114 2212 2112 2112 3
 2112 2112 -211 42 501
 3222 321 111 2224 1908
 2212 1114 2112 2112 3
 2212 1114 2112 2112 3
 2212 2212 2224 2112 2
 1114 2212 2112 2112 3
 2112 2112 1114 2212 2
 1114 2212 2112 2112 3
 2112 2112 1114 2212 2
 2212 2112 111 42 501
 2212 2212 2214 2212 2
 2212 2114 2212 2112 3
 2212 2212 2214 2212 2
 2212 1114 2112 2112 3
 2212 2212 2224 2112 2
 1114 2212 2112 2112 3
 2212 2212 211 42 501
 2112 2214 2112 2212 3
 2112 2112 1114 2212 2
 2112 2214 2112 2212 3
 2112 2214 111 42 501
 2212 1114 2112 2112 3
 2112 2114 -211 42 501
 2214 2112 2212 -9990 3
 2214 2112 2212 2112 3
 2212 2214 2212 2212 3
 2212 1114 2112 2112 3
 2212 2212 2224 2112 2
 2212 2114 2212 2112 3
 1114 2212 -211 42 501
 2112 2224 2212 2212 3
 2214 2112 2212 2112 3
 2212 2114 2212 2112 3
 1114 2212 2112 2112 3
 2112 2112 2114 2112 2
 42 111 2114 2214 502
 2212 2212 2214 2212 2
 2212 2114 2212 2112 3
 2212 2112 2214 2112 2
 1114 2212 2112 2112 3
 1114 2212 2112 2112 3
 2212 1114 2112 2112 3
 2112 2112 1114 2212 2
 2112 2224 2212 2212 3
 2212 2114 2212 2112 3
 2114 2212 2112 2212 3
 2214 2112 2212 2112 3
 2112 2214 2112 2212 3
 2112 2112 -211 42 501
 2212 2212 211 42 501
 2114 2214 -9989 2112 5
 2112 2112 2114 2112 2
 2212 2212 2224 2112 2
 2212 1114 2112 2112 3
 2112 2224 2212 2212 3
 2112 2112 -211 42 501
 2112 2112 2114 2112 2
 2212 1114 2112 2112 3
 2212 2114 2212 2112 3
 1114 2212 2112 2112 3
 2212 2212 2224 -9990 43
 2212 1114 2112 2112 3
 1114 2212 2112 2112 3
 223 2212 321 3212 7
 211 2112 111 2214 77
 2112 2224 2212 2212 3
 2112 2112 2114 2112 2
 2112 2224 2212 2212 3
 2112 2214 2112 2212 3
 2212 2112 2214 2112 2
 2112 2112 -211 42 501
 2212 1114 2112 2112 3
 2112 2224 2212 2212 3
 2214 2112 2212 2112 3
 2212 2212 2224 2112 2
 2224 2112 2212 2212 3
 2214 2112 2212 2112 3
 2224 2112 2212 2212 3
 2112 2214 2112 2212 3
 2224 2112 2212 2212 3
 1114 2212 2112 2112 3
 2212 2212 2224 -9990 43
 2212 2114 2212 2112 3
 2112 2112 1114 2212 2
 2212 2214 2212 2212 3
 2214 2112 2212 2112 3
 2112 2212 2114 2214 43
 2112 2214 2112 2212 3
 2112 2112 1114 2212 2
 2114 2212 2112 2212 3
 2224 111 2212 211 80
 1114 2212 2112 2112 3
 2212 2114 2212 2112 3
 2212 2114 2212 2112 3
 2214 2212 2212 2212 3
 2212 1114 2112 2112 3
 2112 2224 2212 2212 3
 2112 2212 2112 2214 2
 2112 2214 2112 2212 3
 2212 2114 2212 2112 3
 2114 2212 2112 2212 3
 2212 1114 2112 2112 3
 3212 321 223 2212 1908
 2112 2224 2212 2212 3
 2114 2212 2112 2212 3
 2214 2112 2212 2112 3
 2212 2212 2224 2112 2
 2214 2212 2212 2212 3
 2212 1114 2112 2112 3
 2112 2214 2112 2212 3
 2114 2212 2112 2212 3
 2112 2112 2114 2112 2
 2214 2112 2212 2112 3
 2112 2224 2212 2212 3
 2212 2214 2212 2212 3
 2212 2114 2212 2112 3
 2114 2212 2112 2212 3
 2212 1114 2112 2112 3
 2212 2212 211 42 501
 2112 2224 2212 2212 3
 2212 1114 2112 2112 3
 2214 2112 2212 2112 3
 2224 2112 2212 2212 3
 2212 2112 2214 2112 2
 2212 2114 2212 2112 3
 2212 2114 2212 2112 3
 2112 2214 2112 2212 3
 2212 2114 2212 2112 3
 2212 2212 2224 2112 2
 2224 2112 2212 2212 3
 2212 1114 2112 2112 3
 2112 2112 2114 2112 2
 2212 2114 2212 2112 3
 1114 2212 2112 2112 3
 1114 111 2112 -211 80
 2112 2212 -9990 2212 2
 2112 2214 2112 2212 3
 2224 2112 2212 2212 3
 42 211 2212 2212 502
 2112 -9989 2112 2212 3
 2112 2112 1114 2212 2
 2212 2112 2212 2114 2
 2212 2114 2212 2112 3
 1114 2212 2112 2112 3
 2212 1114 2112 2112 3
 2112 2214 2112 2212 3
 2212 2212 2224 2112 2
 2212 1114 2112 2112 3
 2212 1114 2112 2112 3
 2214 2212 2212 2212 3
 2212 2212 211 42 501
 2212 2112 2114 2214 43
 2212 2112 2212 2114 2
 2212 1114 2112 2112 3
 2214 2212 2212 2212 3
 2212 2212 2224 2112 2
 2212 2214 2212 2212 3
 2212 1114 2112 2112 3
 2212 1114 2112 2112 3
 2212 2114 2212 2112 3
 2212 2112 111 42 501
 2212 2114 2212 2112 3
 2112 2112 2114 2112 2
 2212 1114 2112 2112 3
 2114 2112 -211 42 501
 2114 -211 2112 -211 80
 2212 2114 2212 2112 3
 2212 1114 2112 2112 3
 2212 2212 211 42 501
 2112 2212 2114 2212 2
 2212 2114 2212 2112 3
 2214 2212 2212 2212 3
 2212 111 2214 113 78
 2214 2112 2212 2112 3
 1114 2212 2112 2112 3
 2112 2212 2114 2212 2
 2212 2114 2212 2112 3
 2212 2112 111 42 501
 2214 2112 2212 2112 3
 2214 2112 2112 -9989 3
 2214 2112 2212 2112 3
 2214 2112 2212 2112 3
 2212 2112 111 42 501
 2112 2112 1114 2212 2
 2212 1114 2112 2112 3
 2112 2224 211 42 501
 2112 2214 2112 2212 3
 2212 2212 2214 2212 2
 1114 2212 2112 2112 3
 2214 2112 2212 2112 3
 1114 2212 2112 2112 3
 2112 2212 2114 2214 43
 2212 2214 2212 2212 3
 2112 2224 2212 2212 3
 2214 2112 2212 2112 3
 -9989 2112 2212 2112 3
 2112 2214 2112 2212 3
 2214 2112 2212 2112 3
 1114 2212 2112 2112 3
 2212 2212 2224 2112 2
 1114 2212 2112 2112 3
 2212 2212 2224 2112 2
 2112 2224 2212 2212 3
 2112 2214 2112 2212 3
 2114 2212 2112 2212 3
 2112 2224 2212 2212 3
 2214 2112 2212 2112 3
 2212 2114 2212 2112 3
 1114 2212 2112 2112 3
 1114 2212 2112 2112 3
 2212 2212 2224 2112 2
 1114 2212 2112 2112 3
 2214 2112 2212 2112 3
 2112 2214 2112 2212 3
 2212 2114 2212 2112 3
 2212 2112 2212 2114 2
 2112 2112 1114 2214 43
 2212 2112 2214 -9990 43
 2114 2212 2112 2212 3
 1114 2212 2112 2112 3
 2224 2112 2212 2212 3
 2112 2214 2112 2212 3
 2214 2212 2212 2212 3
 1114 2212 2112 2112 3
 1114 2212 2112 2112 3
 1114 2212 2112 2112 3
 2224 2112 2212 2212 3
 2212 1114 2112 2112 3
 1114 2212 2112 2112 3
 2212 1114 2112 2112 3
 2112 2224 -9989 2212 3
 2214 2212 2212 2212 3
 2112 2224 2212 2212 3
 2212 2114 2212 2112 3
 2212 -211 2214 -211 77
 2212 2214 211 42 501
 2212 1114 2112 2112 3
 2212 1114 2112 2112 3
 2114 2212 2112 2212 3
 2112 2212 2114 2212 2
 1114 2212 2112 2112 3
 2112 2224 2212 2212 3
 111 2112 111 2114 77
 1114 2212 -211 42 501
 2112 2212 2114 2212 2
 2224 2112 2212 2212 3
 2112 111 2214 -211 77
 1114 2212 2112 2112 3
 2112 2212 2114 2212 2
 2212 1114 2112 2112 3
 2112 2112 2114 2112 2
 2112 2112 1114 2212 2
 2112 2214 2112 2212 3
 2224 2112 2212 2212 3
 1114 2212 2112 2112 3
 2112 2112 -211 42 501
 2212 2214 2212 2212 3
 2112 2214 2112 2212 3
 2112 2224 2212 2212 3
 2112 2112 -211 42 501
 2212 2212 2224 2112 2
 2212 2112 111 42 501
 2214 2212 2212 2212 3
 211 42 2212 2212 502
 2212 2212 2224 2112 2
 -211 42 2112 2114 502
 2212 1114 2112 2112 3
 2112 2112 2114 2112 2
 2112 2214 2112 2212 3
 2212 2114 2212 2112 3
 1114 2212 2112 2112 3
 2212 2214 2212 2212 3
 2112 2212 2114 2214 43
 2112 2214 2112 2212 3
 2112 2214 2112 2212 3
 2224 2112 2212 2212 3
 2112 2214 2112 2212 3
 1114 2212 2112 2112 3
 2112 2214 2112 2212 3
 2212 1114 2112 2112 3
 2212 2114 2212 2112 3
 2224 2112 2212 2212 3
 2112 2112 2114 2112 2
 2112 2224 2212 2212 3
 2112 2224 2212 2212 3
 2114 2212 2112 2212 3
 2212 2212 2214 2212 2
 1114 2212 2112 2112 3
 2114 2212 2112 2212 3
 2212 1114 2112 2112 3
 2214 2112 111 42 501
 1114 2212 2112 2112 3
 2212 2114 2212 2112 3
 2224 2112 2212 2212 3
 2112 2212 2112 2214 2
 2224 2112 2212 2212 3
