  0.0500000007  5.0999999  3.4000001  1.70000005
  0.150000006  27.875  17.2875004  10.5874996
  0.25  53.4500008  33.8624992  19.5874996
  0.349999994  69.8499985  44.3499985  25.5
  0.450000018  68.8125  44.5250015  24.2875004
  0.550000012  58.9749985  38.6124992  20.3624992
  0.650000036  44.6875  29.0499992  15.6374998
  0.75  31.0375004  20.5750008  10.4624996
  0.850000024  19.2625008  12.8125  6.44999981
  0.949999988  12.5249996  8.36250019  4.1624999
  1.05000007  7.17500019  4.86250019  2.3125
  1.14999998  4.61250019  3.23749995  1.375
  1.25  2.9124999  2.20000005  0.712499976
  1.35000002  1.8125  1.39999998  0.412499994
  1.45000005  0.962499976  0.762499988  0.200000003
  1.55000007  0.550000012  0.4375  0.112499997
  1.64999998  0.474999994  0.425000012  0.0500000007
  1.75  0.237499997  0.150000006  0.0874999985
  1.85000002  0.1875  0.1875  0.
  1.95000005  0.0874999985  0.0874999985  0.
