  0.25  299.450012  161.487503  137.962494
  0.75  52.9500008  47.3624992  5.5875001
  1.25  18.875  18.5125008  0.362500012
  1.75  10.5124998  10.4624996  0.0500000007
  2.25  6.9749999  6.9625001  0.0125000002
  2.75  5.13749981  5.11250019  0.0250000004
  3.25  4.0374999  4.0374999  0.
  3.75  3.23749995  3.23749995  0.
  4.25  2.5  2.5  0.
  4.75  1.67499995  1.67499995  0.
  5.25  1.26250005  1.26250005  0.
  5.75  1.02499998  1.02499998  0.
  6.25  0.875  0.875  0.
  6.75  0.637499988  0.637499988  0.
  7.25  0.449999988  0.449999988  0.
  7.75  0.462500006  0.462500006  0.
  8.25  0.287499994  0.287499994  0.
  8.75  0.162499994  0.162499994  0.
  9.25  0.125  0.125  0.
  9.75  0.150000006  0.150000006  0.
